0,0,0.0015006
0.005,0.56543,-0.0008821
0.01,1.1306,0.0023369
0.015,1.695,-0.0020386
0.02,2.2586,0.0028596
0.025,2.8209,0.00028657
0.03,3.3816,-0.0032145
0.035,3.9405,0.0011176
0.04,4.4972,-0.0032521
0.045,5.0513,0.00063407
0.05,5.6027,0.0035437
0.055,6.1509,-2.9073e-05
0.06,6.6958,0.0010132
0.065,7.2369,0.0013643
0.07,7.774,-0.00012542
0.075,8.3068,0.0017602
0.08,8.835,7.0287e-05
0.085,9.3583,0.0020643
0.09,9.8763,-0.00062557
0.095,10.389,0.0011133
0.1,10.896,0.00071921
0.105,11.397,0.00014637
0.11,11.891,0.0016171
0.115,12.379,-0.00054432
0.12,12.86,-0.00059998
0.125,13.334,-0.00011508
0.13,13.8,0.0010765
0.135,14.259,0.0037738
0.14,14.71,0.0028245
0.145,15.152,0.004873
0.15,15.587,0.0047444
0.155,16.012,0.0028162
0.16,16.429,0.001782
0.165,16.837,0.0041612
0.17,17.235,0.0039053
0.175,17.624,0.0065815
0.18,18.003,0.0039739
0.185,18.372,0.0077833
0.19,18.73,0.0061454
0.195,19.079,0.0068209
0.2,19.416,0.0054221
0.205,19.743,0.0053512
0.21,20.059,0.0070009
0.215,20.364,0.0076963
0.22,20.658,0.0058818
0.225,20.94,0.0086567
0.23,21.21,0.0077647
0.235,21.469,0.0099851
0.24,21.716,0.011261
0.245,21.951,0.0074123
0.25,22.173,0.0096201
0.255,22.383,0.010769
0.26,22.581,0.0082736
0.265,22.766,0.0082418
0.27,22.939,0.010082
0.275,23.099,0.014461
0.28,23.246,0.016048
0.285,23.38,0.013171
0.29,23.501,0.013964
0.295,23.609,0.015428
0.3,23.705,0.016907
0.305,23.786,0.017535
0.31,23.855,0.020508
0.315,23.91,0.017997
0.32,23.953,0.016079
0.325,23.981,0.021855
0.33,23.997,0.01743
0.335,23.999,0.018423
0.34,23.988,0.021397
0.345,23.964,0.020858
0.35,23.926,0.021258
0.355,23.875,0.021727
0.36,23.811,0.020273
0.365,23.733,0.020919
0.37,23.643,0.020899
0.375,23.539,0.025115
0.38,23.422,0.023205
0.385,23.292,0.022515
0.39,23.149,0.026399
0.395,22.994,0.02587
0.4,22.825,0.024862
0.405,22.644,0.027817
0.41,22.451,0.028604
0.415,22.245,0.029261
0.42,22.026,0.02815
0.425,21.795,0.029091
0.43,21.553,0.029527
0.435,21.298,0.030973
0.44,21.031,0.03204
0.445,20.753,0.034282
0.45,20.463,0.031435
0.455,20.162,0.03195
0.46,19.85,0.033159
0.465,19.527,0.035692
0.47,19.192,0.033873
0.475,18.848,0.036379
0.48,18.492,0.034393
0.485,18.127,0.034716
0.49,17.751,0.039217
0.495,17.366,0.038278
0.5,16.971,0.038323
0.505,16.566,0.037958
0.51,16.152,0.037518
0.515,15.73,0.040642
0.52,15.298,0.04103
0.525,14.858,0.037136
0.53,14.41,0.038489
0.535,13.954,0.040093
0.54,13.49,0.043291
0.545,13.019,0.042062
0.55,12.54,0.043838
0.555,12.054,0.041403
0.56,11.562,0.043366
0.565,11.063,0.04209
0.57,10.559,0.040571
0.575,10.048,0.044197
0.58,9.5315,0.044135
0.585,9.01,0.043264
0.59,8.4834,0.0439
0.595,7.9521,0.043864
0.6,7.4164,0.04611
0.605,6.8766,0.044053
0.61,6.333,0.046775
0.615,5.7858,0.045712
0.62,5.2354,0.046045
0.625,4.6822,0.045321
0.63,4.1263,0.045606
0.635,3.5681,0.046065
0.64,3.008,0.045896
0.645,2.4462,0.046404
0.65,1.883,0.046675
0.655,1.3188,0.045521
0.66,0.75386,0.045333
0.665,0.18849,0.043394
0.67,-0.37698,0.04903
0.675,-0.94224,0.04686
0.68,-1.507,0.048751
0.685,-2.0709,0.047912
0.69,-2.6336,0.049831
0.695,-3.1949,0.049201
0.7,-3.7544,0.050896
0.705,-4.3119,0.049065
0.71,-4.8669,0.049534
0.715,-5.4192,0.048162
0.72,-5.9686,0.047349
0.725,-6.5146,0.046112
0.73,-7.057,0.046606
0.735,-7.5954,0.051255
0.74,-8.1297,0.046604
0.745,-8.6595,0.049244
0.75,-9.1844,0.048489
0.755,-9.7042,0.049319
0.76,-10.219,0.047834
0.765,-10.727,0.04763
0.77,-11.23,0.048845
0.775,-11.727,0.04727
0.78,-12.217,0.047941
0.785,-12.7,0.049524
0.79,-13.177,0.048135
0.795,-13.645,0.046109
0.8,-14.107,0.04637
0.805,-14.56,0.048679
0.81,-15.006,0.043636
0.815,-15.443,0.046536
0.82,-15.871,0.048113
0.825,-16.291,0.045533
0.83,-16.702,0.045525
0.835,-17.103,0.046375
0.84,-17.495,0.048076
0.845,-17.877,0.045725
0.85,-18.25,0.043109
0.855,-18.612,0.043622
0.86,-18.964,0.04223
0.865,-19.305,0.04291
0.87,-19.636,0.038859
0.875,-19.955,0.040623
0.88,-20.264,0.042577
0.885,-20.561,0.04205
0.89,-20.847,0.038923
0.895,-21.122,0.041264
0.9,-21.384,0.040366
0.905,-21.635,0.041192
0.91,-21.874,0.039475
0.915,-22.1,0.037305
0.92,-22.315,0.036909
0.925,-22.517,0.035926
0.93,-22.706,0.037661
0.935,-22.883,0.038085
0.94,-23.047,0.035686
0.945,-23.198,0.035339
0.95,-23.337,0.034495
0.955,-23.462,0.031506
0.96,-23.575,0.032394
0.965,-23.674,0.033142
0.97,-23.761,0.033729
0.975,-23.834,0.03144
0.98,-23.893,0.030348
0.985,-23.94,0.029968
0.99,-23.973,0.032278
0.995,-23.993,0.03095
1,-24,0.030197
1.005,-23.993,0.030598
1.01,-23.973,0.030156
1.015,-23.94,0.027371
1.02,-23.893,0.025163
1.025,-23.834,0.024997
1.03,-23.761,0.02797
1.035,-23.674,0.026759
1.04,-23.575,0.023395
1.045,-23.462,0.024296
1.05,-23.337,0.024254
1.055,-23.198,0.02396
1.06,-23.047,0.023124
1.065,-22.883,0.021403
1.07,-22.706,0.02374
1.075,-22.517,0.020771
1.08,-22.315,0.019535
1.085,-22.1,0.017457
1.09,-21.874,0.017928
1.095,-21.635,0.023422
1.1,-21.384,0.017839
1.105,-21.122,0.020412
1.11,-20.847,0.01686
1.115,-20.561,0.018633
1.12,-20.264,0.015672
1.125,-19.955,0.014964
1.13,-19.636,0.016035
1.135,-19.305,0.01522
1.14,-18.964,0.015505
1.145,-18.612,0.013194
1.15,-18.25,0.014283
1.155,-17.877,0.011896
1.16,-17.495,0.01369
1.165,-17.103,0.012962
1.17,-16.702,0.011933
1.175,-16.291,0.0094301
1.18,-15.871,0.0080765
1.185,-15.443,0.0091947
1.19,-15.006,0.0098329
1.195,-14.56,0.0069013
1.2,-14.107,0.0095448
1.205,-13.645,0.010771
1.21,-13.177,0.0072329
1.215,-12.7,0.0073163
1.22,-12.217,0.0055956
1.225,-11.727,0.0066661
1.23,-11.23,0.0050558
1.235,-10.727,0.0075642
1.24,-10.219,0.0068138
1.245,-9.7042,0.0056639
1.25,-9.1844,0.0045576
1.255,-8.6595,0.0071041
1.26,-8.1297,0.0011097
1.265,-7.5954,0.0045747
1.27,-7.057,0.0047649
1.275,-6.5146,0.0035486
1.28,-5.9686,0.0051986
1.285,-5.4192,0.0017868
1.29,-4.8669,0.0028108
1.295,-4.3119,0.0045376
1.3,-3.7544,0.00092978
1.305,-3.1949,0.0039585
1.31,-2.6336,-0.00077418
1.315,-2.0709,0.0013534
1.32,-1.507,0.0036722
1.325,-0.94224,0.0022019
1.33,-0.37698,0.0012271
1.335,0.18849,0.0014935
1.34,0.75386,-0.00036785
1.345,1.3188,-0.001355
1.35,1.883,-0.0023289
1.355,2.4462,0.0016335
1.36,3.008,-0.0022183
1.365,3.5681,0.0012063
1.37,4.1263,-0.0021372
1.375,4.6822,0.0013109
1.38,5.2354,0.00096097
1.385,5.7858,0.00080165
1.39,6.333,-1.2794e-06
1.395,6.8766,0.0024867
1.4,7.4164,0.0019126
1.405,7.9521,-0.0011491
1.41,8.4834,-5.5766e-06
1.415,9.01,0.0014832
1.42,9.5315,0.00038944
1.425,10.048,0.002681
1.43,10.559,-0.00069595
1.435,11.063,0.0021166
1.44,11.562,0.0025665
1.445,12.054,0.0021604
1.45,12.54,0.0021889
1.455,13.019,-2.8823e-05
1.46,13.49,0.0047028
1.465,13.954,0.0022102
1.47,14.41,0.00074645
1.475,14.858,0.0013989
1.48,15.298,0.00096467
1.485,15.73,0.0019927
1.49,16.152,0.0045853
1.495,16.566,0.0034583
1.5,16.971,0.0045362
1.505,17.366,0.0057708
1.51,17.751,0.0038768
1.515,18.127,0.0063436
1.52,18.492,0.0052699
1.525,18.848,0.0054554
1.53,19.192,0.0067573
1.535,19.527,0.0063732
1.54,19.85,0.0061477
1.545,20.162,0.0099584
1.55,20.463,0.0078822
1.555,20.753,0.0082529
1.56,21.031,0.0080341
1.565,21.298,0.0068651
1.57,21.553,0.011384
1.575,21.795,0.0085082
1.58,22.026,0.010577
1.585,22.245,0.010953
1.59,22.451,0.013059
1.595,22.644,0.011435
1.6,22.825,0.011071
1.605,22.994,0.011941
1.61,23.149,0.013493
1.615,23.292,0.013505
1.62,23.422,0.012093
1.625,23.539,0.016367
1.63,23.643,0.014618
1.635,23.733,0.019646
1.64,23.811,0.016372
1.645,23.875,0.016548
1.65,23.926,0.017598
1.655,23.964,0.018345
1.66,23.988,0.019382
1.665,23.999,0.023052
1.67,23.997,0.016751
1.675,23.981,0.018704
1.68,23.953,0.019756
1.685,23.91,0.021805
1.69,23.855,0.021343
1.695,23.786,0.023315
1.7,23.705,0.020951
1.705,23.609,0.025336
1.71,23.501,0.024568
1.715,23.38,0.025233
1.72,23.246,0.023461
1.725,23.099,0.02498
1.73,22.939,0.026686
1.735,22.766,0.025857
1.74,22.581,0.028793
1.745,22.383,0.027179
1.75,22.173,0.02751
1.755,21.951,0.029952
1.76,21.716,0.028463
1.765,21.469,0.031814
1.77,21.21,0.028639
1.775,20.94,0.030357
1.78,20.658,0.03505
1.785,20.364,0.031263
1.79,20.059,0.032371
1.795,19.743,0.034017
1.8,19.416,0.034658
1.805,19.079,0.039036
1.81,18.73,0.037256
1.815,18.372,0.034904
1.82,18.003,0.037163
1.825,17.624,0.038793
1.83,17.235,0.037076
1.835,16.837,0.033989
1.84,16.429,0.037645
1.845,16.012,0.036624
1.85,15.587,0.039909
1.855,15.152,0.03932
1.86,14.71,0.041499
1.865,14.259,0.038838
1.87,13.8,0.042516
1.875,13.334,0.03946
1.88,12.86,0.04388
1.885,12.379,0.042278
1.89,11.891,0.044187
1.895,11.397,0.040635
1.9,10.896,0.044439
1.905,10.389,0.042611
1.91,9.8763,0.041542
1.915,9.3583,0.04608
1.92,8.835,0.04513
1.925,8.3068,0.044592
1.93,7.774,0.045475
1.935,7.2369,0.044699
1.94,6.6958,0.043664
1.945,6.1509,0.042808
1.95,5.6027,0.043659
1.955,5.0513,0.045775
1.96,4.4972,0.047721
1.965,3.9405,0.046777
1.97,3.3816,0.047344
1.975,2.8209,0.046657
1.98,2.2586,0.047992
1.985,1.695,0.048915
1.99,1.1306,0.046735
1.995,0.56543,0.046097
2,8.8175e-15,0.048946
2.005,12,0.047283
2.01,12,0.04505
2.015,12,0.04888
2.02,12,0.049563
2.025,12,0.049889
2.03,12,0.049572
2.035,12,0.04909
2.04,12,0.049597
2.045,12,0.052527
2.05,12,0.049914
2.055,12,0.049545
2.06,12,0.052394
2.065,12,0.052282
2.07,12,0.053353
2.075,12,0.052489
2.08,12,0.052133
2.085,12,0.053638
2.09,12,0.051565
2.095,12,0.051642
2.1,12,0.051137
2.105,12,0.055216
2.11,12,0.056409
2.115,12,0.054686
2.12,12,0.05255
2.125,12,0.051907
2.13,12,0.052637
2.135,12,0.054355
2.14,12,0.05262
2.145,12,0.052505
2.15,12,0.052853
2.155,12,0.056072
2.16,12,0.052621
2.165,12,0.056704
2.17,12,0.056886
2.175,12,0.054953
2.18,12,0.055404
2.185,12,0.056242
2.19,12,0.05644
2.195,12,0.058955
2.2,12,0.057757
2.205,12,0.056983
2.21,12,0.059305
2.215,12,0.060307
2.22,12,0.056537
2.225,12,0.06122
2.23,12,0.058158
2.235,12,0.057075
2.24,12,0.060394
2.245,12,0.062267
2.25,12,0.062696
2.255,12,0.06056
2.26,12,0.062474
2.265,12,0.061543
2.27,12,0.061731
2.275,12,0.064034
2.28,12,0.062956
2.285,12,0.06433
2.29,12,0.063913
2.295,12,0.062501
2.3,12,0.064584
2.305,12,0.063816
2.31,12,0.0625
2.315,12,0.064935
2.32,12,0.064907
2.325,12,0.064422
2.33,12,0.065676
2.335,12,0.064517
2.34,12,0.068933
2.345,12,0.063976
2.35,12,0.064349
2.355,12,0.068526
2.36,12,0.066088
2.365,12,0.06657
2.37,12,0.066863
2.375,12,0.069456
2.38,12,0.068578
2.385,12,0.069436
2.39,12,0.066191
2.395,12,0.066598
2.4,12,0.069889
2.405,12,0.067031
2.41,12,0.072992
2.415,12,0.070913
2.42,12,0.072682
2.425,12,0.068354
2.43,12,0.072101
2.435,12,0.072329
2.44,12,0.073601
2.445,12,0.071652
2.45,12,0.070412
2.455,12,0.071677
2.46,12,0.072255
2.465,12,0.072849
2.47,12,0.073305
2.475,12,0.074296
2.48,12,0.07736
2.485,12,0.073241
2.49,12,0.073785
2.495,12,0.077707
2.5,12,0.079067
2.505,12,0.074558
2.51,12,0.073076
2.515,12,0.076981
2.52,12,0.075472
2.525,12,0.076702
2.53,12,0.076959
2.535,12,0.077882
2.54,12,0.075726
2.545,12,0.078335
2.55,12,0.077644
2.555,12,0.076325
2.56,12,0.078637
2.565,12,0.077572
2.57,12,0.083727
2.575,12,0.079796
2.58,12,0.079863
2.585,12,0.079956
2.59,12,0.080415
2.595,12,0.082708
2.6,12,0.079093
2.605,12,0.080311
2.61,12,0.083273
2.615,12,0.082748
2.62,12,0.082044
2.625,12,0.084654
2.63,12,0.082764
2.635,12,0.084628
2.64,12,0.08349
2.645,12,0.08647
2.65,12,0.085319
2.655,12,0.085343
2.66,12,0.083372
2.665,12,0.084286
2.67,12,0.085814
2.675,12,0.08596
2.68,12,0.083677
2.685,12,0.086523
2.69,12,0.086928
2.695,12,0.084038
2.7,12,0.085251
2.705,12,0.08946
2.71,12,0.086742
2.715,12,0.086152
2.72,12,0.087599
2.725,12,0.090302
2.73,12,0.089363
2.735,12,0.085635
2.74,12,0.088474
2.745,12,0.087204
2.75,12,0.088964
2.755,12,0.087321
2.76,12,0.091465
2.765,12,0.092294
2.77,12,0.09231
2.775,12,0.092832
2.78,12,0.093489
2.785,12,0.090691
2.79,12,0.09144
2.795,12,0.090415
2.8,12,0.089835
2.805,12,0.091671
2.81,12,0.091395
2.815,12,0.093735
2.82,12,0.093383
2.825,12,0.094889
2.83,12,0.093125
2.835,12,0.095326
2.84,12,0.095399
2.845,12,0.092937
2.85,12,0.092748
2.855,12,0.092477
2.86,12,0.095285
2.865,12,0.096683
2.87,12,0.097615
2.875,12,0.095646
2.88,12,0.096791
2.885,12,0.094312
2.89,12,0.10068
2.895,12,0.097119
2.9,12,0.099152
2.905,12,0.096475
2.91,12,0.098431
2.915,12,0.1009
2.92,12,0.097933
2.925,12,0.10079
2.93,12,0.09856
2.935,12,0.10159
2.94,12,0.10165
2.945,12,0.10102
2.95,12,0.10418
2.955,12,0.099373
2.96,12,0.10288
2.965,12,0.10503
2.97,12,0.10312
2.975,12,0.10401
2.98,12,0.10296
2.985,12,0.10485
2.99,12,0.10112
2.995,12,0.10241
3,12,0.10276
3.005,-12,0.10297
3.01,-12,0.10854
3.015,-12,0.10775
3.02,-12,0.10437
3.025,-12,0.10607
3.03,-12,0.10299
3.035,-12,0.10444
3.04,-12,0.10506
3.045,-12,0.10592
3.05,-12,0.10721
3.055,-12,0.10624
3.06,-12,0.10518
3.065,-12,0.10695
3.07,-12,0.10466
3.075,-12,0.10576
3.08,-12,0.10766
3.085,-12,0.10267
3.09,-12,0.10381
3.095,-12,0.10256
3.1,-12,0.10146
3.105,-12,0.10507
3.11,-12,0.10267
3.115,-12,0.10057
3.12,-12,0.10135
3.125,-12,0.10412
3.13,-12,0.10336
3.135,-12,0.1023
3.14,-12,0.099496
3.145,-12,0.10083
3.15,-12,0.099904
3.155,-12,0.10309
3.16,-12,0.099816
3.165,-12,0.10181
3.17,-12,0.10281
3.175,-12,0.10199
3.18,-12,0.10064
3.185,-12,0.097498
3.19,-12,0.10264
3.195,-12,0.09689
3.2,-12,0.097561
3.205,-12,0.098283
3.21,-12,0.099144
3.215,-12,0.09815
3.22,-12,0.096251
3.225,-12,0.095678
3.23,-12,0.094631
3.235,-12,0.096026
3.24,-12,0.095879
3.245,-12,0.095813
3.25,-12,0.095165
3.255,-12,0.096204
3.26,-12,0.09495
3.265,-12,0.093993
3.27,-12,0.094169
3.275,-12,0.096755
3.28,-12,0.094104
3.285,-12,0.09531
3.29,-12,0.092858
3.295,-12,0.092087
3.3,-12,0.09494
3.305,-12,0.093478
3.31,-12,0.091366
3.315,-12,0.094045
3.32,-12,0.091337
3.325,-12,0.091302
3.33,-12,0.091037
3.335,-12,0.09059
3.34,-12,0.090958
3.345,-12,0.088096
3.35,-12,0.090776
3.355,-12,0.085977
3.36,-12,0.089347
3.365,-12,0.087397
3.37,-12,0.089478
3.375,-12,0.086987
3.38,-12,0.089514
3.385,-12,0.086868
3.39,-12,0.086218
3.395,-12,0.08775
3.4,-12,0.086505
3.405,-12,0.085972
3.41,-12,0.085639
3.415,-12,0.087452
3.42,-12,0.085152
3.425,-12,0.085431
3.43,-12,0.084416
3.435,-12,0.084755
3.44,-12,0.083547
3.445,-12,0.085213
3.45,-12,0.084546
3.455,-12,0.08513
3.46,-12,0.083949
3.465,-12,0.083769
3.47,-12,0.083274
3.475,-12,0.085019
3.48,-12,0.082217
3.485,-12,0.081578
3.49,-12,0.082247
3.495,-12,0.080936
3.5,-12,0.07926
3.505,-12,0.080063
3.51,-12,0.07983
3.515,-12,0.08108
3.52,-12,0.080884
3.525,-12,0.079483
3.53,-12,0.079854
3.535,-12,0.077878
3.54,-12,0.078777
3.545,-12,0.078176
3.55,-12,0.079382
3.555,-12,0.079349
3.56,-12,0.07694
3.565,-12,0.074578
3.57,-12,0.077274
3.575,-12,0.078646
3.58,-12,0.078274
3.585,-12,0.077253
3.59,-12,0.07751
3.595,-12,0.074334
3.6,-12,0.073556
3.605,-12,0.075839
3.61,-12,0.074629
3.615,-12,0.072791
3.62,-12,0.075339
3.625,-12,0.07606
3.63,-12,0.07409
3.635,-12,0.073829
3.64,-12,0.073305
3.645,-12,0.071767
3.65,-12,0.072569
3.655,-12,0.073531
3.66,-12,0.070243
3.665,-12,0.073098
3.67,-12,0.073261
3.675,-12,0.070957
3.68,-12,0.070624
3.685,-12,0.072562
3.69,-12,0.070927
3.695,-12,0.070592
3.7,-12,0.069411
3.705,-12,0.068121
3.71,-12,0.068378
3.715,-12,0.069391
3.72,-12,0.067098
3.725,-12,0.068138
3.73,-12,0.066789
3.735,-12,0.065592
3.74,-12,0.069758
3.745,-12,0.068327
3.75,-12,0.066423
3.755,-12,0.068163
3.76,-12,0.066276
3.765,-12,0.06657
3.77,-12,0.066215
3.775,-12,0.065734
3.78,-12,0.06501
3.785,-12,0.064684
3.79,-12,0.063325
3.795,-12,0.065887
3.8,-12,0.063382
3.805,-12,0.063477
3.81,-12,0.061639
3.815,-12,0.063006
3.82,-12,0.064919
3.825,-12,0.060709
3.83,-12,0.06317
3.835,-12,0.0596
3.84,-12,0.062311
3.845,-12,0.063524
3.85,-12,0.061113
3.855,-12,0.058904
3.86,-12,0.062924
3.865,-12,0.058481
3.87,-12,0.058756
3.875,-12,0.060132
3.88,-12,0.059748
3.885,-12,0.05878
3.89,-12,0.058984
3.895,-12,0.05897
3.9,-12,0.05777
3.905,-12,0.058132
3.91,-12,0.056887
3.915,-12,0.056373
3.92,-12,0.056096
3.925,-12,0.056691
3.93,-12,0.054767
3.935,-12,0.054944
3.94,-12,0.055521
3.945,-12,0.055948
3.95,-12,0.054814
3.955,-12,0.054827
3.96,-12,0.053596
3.965,-12,0.051968
3.97,-12,0.053054
3.975,-12,0.052781
3.98,-12,0.055525
3.985,-12,0.054625
3.99,-12,0.053563
3.995,-12,0.054343
4,-12,0.052341
4.005,1.507,0.051074
4.01,3.008,0.052942
4.015,4.4972,0.050397
4.02,5.9686,0.050038
4.025,7.4164,0.051852
4.03,8.835,0.05003
4.035,10.219,0.049238
4.04,11.562,0.049553
4.045,12.86,0.049745
4.05,14.107,0.048645
4.055,15.298,0.049624
4.06,16.429,0.051596
4.065,17.495,0.054154
4.07,18.492,0.050159
4.075,19.416,0.052102
4.08,20.264,0.05407
4.085,21.031,0.051601
4.09,21.716,0.051308
4.095,22.315,0.052473
4.1,22.825,0.052777
4.105,23.246,0.051563
4.11,23.575,0.053323
4.115,23.811,0.05264
4.12,23.953,0.052281
4.125,24,0.054521
4.13,23.953,0.056125
4.135,23.811,0.056121
4.14,23.575,0.055689
4.145,23.246,0.057214
4.15,22.825,0.058262
4.155,22.315,0.056923
4.16,21.716,0.057139
4.165,21.031,0.059198
4.17,20.264,0.05862
4.175,19.416,0.061938
4.18,18.492,0.057691
4.185,17.495,0.05789
4.19,16.429,0.059025
4.195,15.298,0.061308
4.2,14.107,0.061484
4.205,12.86,0.061673
4.21,11.562,0.063879
4.215,10.219,0.062676
4.22,8.835,0.064091
4.225,7.4164,0.066151
4.23,5.9686,0.065821
4.235,4.4972,0.063703
4.24,3.008,0.068092
4.245,1.507,0.066523
4.25,-3.53e-14,0.06569
4.255,-1.507,0.063996
4.26,-3.008,0.06837
4.265,-4.4972,0.065842
4.27,-5.9686,0.066003
4.275,-7.4164,0.066352
4.28,-8.835,0.06675
4.285,-10.219,0.069803
4.29,-11.562,0.068553
4.295,-12.86,0.066413
4.3,-14.107,0.068895
4.305,-15.298,0.065929
4.31,-16.429,0.064771
4.315,-17.495,0.065572
4.32,-18.492,0.065198
4.325,-19.416,0.065744
4.33,-20.264,0.065622
4.335,-21.031,0.06673
4.34,-21.716,0.064171
4.345,-22.315,0.06644
4.35,-22.825,0.064167
4.355,-23.246,0.065056
4.36,-23.575,0.066685
4.365,-23.811,0.063749
4.37,-23.953,0.063895
4.375,-24,0.061682
4.38,-23.953,0.062634
4.385,-23.811,0.060651
4.39,-23.575,0.061112
4.395,-23.246,0.059832
4.4,-22.825,0.060543
4.405,-22.315,0.058593
4.41,-21.716,0.060702
4.415,-21.031,0.05931
4.42,-20.264,0.056486
4.425,-19.416,0.054968
4.43,-18.492,0.055149
4.435,-17.495,0.055509
4.44,-16.429,0.056403
4.445,-15.298,0.056513
4.45,-14.107,0.053651
4.455,-12.86,0.052318
4.46,-11.562,0.053814
4.465,-10.219,0.051567
4.47,-8.835,0.053358
4.475,-7.4164,0.051589
4.48,-5.9686,0.053618
4.485,-4.4972,0.05164
4.49,-3.008,0.05237
4.495,-1.507,0.05052
4.5,-5.2905e-14,0.054292
4.505,1.507,0.051568
4.51,3.008,0.050801
4.515,4.4972,0.049032
4.52,5.9686,0.051368
4.525,7.4164,0.049082
4.53,8.835,0.048869
4.535,10.219,0.049487
4.54,11.562,0.049509
4.545,12.86,0.049565
4.55,14.107,0.053011
4.555,15.298,0.051546
4.56,16.429,0.052694
4.565,17.495,0.046757
4.57,18.492,0.050508
4.575,19.416,0.050875
4.58,20.264,0.050821
4.585,21.031,0.054013
4.59,21.716,0.051026
4.595,22.315,0.050875
4.6,22.825,0.052881
4.605,23.246,0.050875
4.61,23.575,0.055544
4.615,23.811,0.055
4.62,23.953,0.057384
4.625,24,0.055139
4.63,23.953,0.055051
4.635,23.811,0.057054
4.64,23.575,0.055864
4.645,23.246,0.056108
4.65,22.825,0.055207
4.655,22.315,0.055955
4.66,21.716,0.057559
4.665,21.031,0.059109
4.67,20.264,0.060088
4.675,19.416,0.058141
4.68,18.492,0.058915
4.685,17.495,0.058794
4.69,16.429,0.058738
4.695,15.298,0.061531
4.7,14.107,0.061116
4.705,12.86,0.064028
4.71,11.562,0.061823
4.715,10.219,0.064211
4.72,8.835,0.062545
4.725,7.4164,0.064384
4.73,5.9686,0.065926
4.735,4.4972,0.064153
4.74,3.008,0.065086
4.745,1.507,0.061113
4.75,1.4111e-13,0.064633
4.755,-1.507,0.065891
4.76,-3.008,0.06598
4.765,-4.4972,0.068501
4.77,-5.9686,0.066683
4.775,-7.4164,0.066304
4.78,-8.835,0.067193
4.785,-10.219,0.064543
4.79,-11.562,0.065822
4.795,-12.86,0.067277
4.8,-14.107,0.066161
4.805,-15.298,0.062866
4.81,-16.429,0.067456
4.815,-17.495,0.064202
4.82,-18.492,0.064214
4.825,-19.416,0.066569
4.83,-20.264,0.06536
4.835,-21.031,0.064321
4.84,-21.716,0.062859
4.845,-22.315,0.064006
4.85,-22.825,0.061345
4.855,-23.246,0.06482
4.86,-23.575,0.063814
4.865,-23.811,0.061586
4.87,-23.953,0.062847
4.875,-24,0.067128
4.88,-23.953,0.062621
4.885,-23.811,0.062432
4.89,-23.575,0.063784
4.895,-23.246,0.061472
4.9,-22.825,0.060422
4.905,-22.315,0.060023
4.91,-21.716,0.059895
4.915,-21.031,0.06052
4.92,-20.264,0.058862
4.925,-19.416,0.059665
4.93,-18.492,0.057242
4.935,-17.495,0.058151
4.94,-16.429,0.05564
4.945,-15.298,0.057218
4.95,-14.107,0.053704
4.955,-12.86,0.054325
4.96,-11.562,0.053802
4.965,-10.219,0.056836
4.97,-8.835,0.052199
4.975,-7.4164,0.051464
4.98,-5.9686,0.05335
4.985,-4.4972,0.050787
4.99,-3.008,0.050696
4.995,-1.507,0.05267
5,-5.8783e-14,0.052114
5.005,1.507,0.053451
5.01,3.008,0.051787
5.015,4.4972,0.053175
5.02,5.9686,0.052057
5.025,7.4164,0.053166
5.03,8.835,0.050814
5.035,10.219,0.047421
5.04,11.562,0.049536
5.045,12.86,0.05012
5.05,14.107,0.050806
5.055,15.298,0.049873
5.06,16.429,0.051456
5.065,17.495,0.051143
5.07,18.492,0.053842
5.075,19.416,0.049184
5.08,20.264,0.051317
5.085,21.031,0.050995
5.09,21.716,0.053702
5.095,22.315,0.052898
5.1,22.825,0.053615
5.105,23.246,0.052575
5.11,23.575,0.054473
5.115,23.811,0.055772
5.12,23.953,0.052849
5.125,24,0.052954
5.13,23.953,0.05485
5.135,23.811,0.054164
5.14,23.575,0.057508
5.145,23.246,0.055726
5.15,22.825,0.054967
5.155,22.315,0.057238
5.16,21.716,0.056436
5.165,21.031,0.055921
5.17,20.264,0.059215
5.175,19.416,0.058277
5.18,18.492,0.060191
5.185,17.495,0.061876
5.19,16.429,0.060542
5.195,15.298,0.06014
5.2,14.107,0.062061
5.205,12.86,0.063347
5.21,11.562,0.063097
5.215,10.219,0.062839
5.22,8.835,0.063207
5.225,7.4164,0.062184
5.23,5.9686,0.063879
5.235,4.4972,0.06437
5.24,3.008,0.065664
5.245,1.507,0.066236
5.25,-2.3543e-14,0.065663
5.255,-1.507,0.064377
5.26,-3.008,0.063736
5.265,-4.4972,0.066144
5.27,-5.9686,0.065852
5.275,-7.4164,0.066533
5.28,-8.835,0.062877
5.285,-10.219,0.067413
5.29,-11.562,0.066989
5.295,-12.86,0.066396
5.3,-14.107,0.065915
5.305,-15.298,0.067348
5.31,-16.429,0.066701
5.315,-17.495,0.06518
5.32,-18.492,0.066125
5.325,-19.416,0.064498
5.33,-20.264,0.064557
5.335,-21.031,0.067784
5.34,-21.716,0.062426
5.345,-22.315,0.063108
5.35,-22.825,0.068601
5.355,-23.246,0.06443
5.36,-23.575,0.064521
5.365,-23.811,0.065581
5.37,-23.953,0.060231
5.375,-24,0.065363
5.38,-23.953,0.063876
5.385,-23.811,0.060264
5.39,-23.575,0.060961
5.395,-23.246,0.061548
5.4,-22.825,0.059109
5.405,-22.315,0.058954
5.41,-21.716,0.058637
5.415,-21.031,0.058691
5.42,-20.264,0.057434
5.425,-19.416,0.058807
5.43,-18.492,0.057547
5.435,-17.495,0.058982
5.44,-16.429,0.055288
5.445,-15.298,0.057389
5.45,-14.107,0.056275
5.455,-12.86,0.055971
5.46,-11.562,0.054424
5.465,-10.219,0.054007
5.47,-8.835,0.051715
5.475,-7.4164,0.055084
5.48,-5.9686,0.052665
5.485,-4.4972,0.053193
5.49,-3.008,0.053388
5.495,-1.507,0.051591
5.5,-2.3519e-13,0.051938
5.505,1.507,0.050786
5.51,3.008,0.052972
5.515,4.4972,0.049658
5.52,5.9686,0.05281
5.525,7.4164,0.052286
5.53,8.835,0.052833
5.535,10.219,0.050978
5.54,11.562,0.052676
5.545,12.86,0.050408
5.55,14.107,0.050282
5.555,15.298,0.049937
5.56,16.429,0.051342
5.565,17.495,0.050154
5.57,18.492,0.050835
5.575,19.416,0.05072
5.58,20.264,0.050986
5.585,21.031,0.048349
5.59,21.716,0.051449
5.595,22.315,0.049528
5.6,22.825,0.052888
5.605,23.246,0.053852
5.61,23.575,0.052057
5.615,23.811,0.054523
5.62,23.953,0.054529
5.625,24,0.054326
5.63,23.953,0.057379
5.635,23.811,0.056354
5.64,23.575,0.055615
5.645,23.246,0.057189
5.65,22.825,0.057598
5.655,22.315,0.059642
5.66,21.716,0.05553
5.665,21.031,0.05921
5.67,20.264,0.058926
5.675,19.416,0.057767
5.68,18.492,0.057136
5.685,17.495,0.058784
5.69,16.429,0.060467
5.695,15.298,0.061705
5.7,14.107,0.062575
5.705,12.86,0.061548
5.71,11.562,0.062123
5.715,10.219,0.063912
5.72,8.835,0.064559
5.725,7.4164,0.06551
5.73,5.9686,0.061233
5.735,4.4972,0.06262
5.74,3.008,0.065189
5.745,1.507,0.06664
5.75,1.5287e-13,0.063997
5.755,-1.507,0.065156
5.76,-3.008,0.06513
5.765,-4.4972,0.065907
5.77,-5.9686,0.065493
5.775,-7.4164,0.067443
5.78,-8.835,0.064085
5.785,-10.219,0.069514
5.79,-11.562,0.064478
5.795,-12.86,0.068046
5.8,-14.107,0.068246
5.805,-15.298,0.066206
5.81,-16.429,0.066641
5.815,-17.495,0.065581
5.82,-18.492,0.067285
5.825,-19.416,0.066412
5.83,-20.264,0.066071
5.835,-21.031,0.06678
5.84,-21.716,0.065101
5.845,-22.315,0.066742
5.85,-22.825,0.064591
5.855,-23.246,0.065328
5.86,-23.575,0.064042
5.865,-23.811,0.064317
5.87,-23.953,0.063415
5.875,-24,0.063606
5.88,-23.953,0.061656
5.885,-23.811,0.063631
5.89,-23.575,0.060863
5.895,-23.246,0.061445
5.9,-22.825,0.058704
5.905,-22.315,0.061985
5.91,-21.716,0.060685
5.915,-21.031,0.058464
5.92,-20.264,0.057081
5.925,-19.416,0.057341
5.93,-18.492,0.057979
5.935,-17.495,0.057553
5.94,-16.429,0.057433
5.945,-15.298,0.055111
5.95,-14.107,0.055529
5.955,-12.86,0.054755
5.96,-11.562,0.053637
5.965,-10.219,0.055386
5.97,-8.835,0.054258
5.975,-7.4164,0.052814
5.98,-5.9686,0.052352
5.985,-4.4972,0.052557
5.99,-3.008,0.051228
5.995,-1.507,0.050626
6,-7.054e-14,0.051584
6.005,8,0.050848
6.01,8,0.050787
6.015,8,0.051723
6.02,8,0.053549
6.025,8,0.049594
6.03,8,0.053555
6.035,8,0.050907
6.04,8,0.049673
6.045,8,0.051666
6.05,8,0.051304
6.055,8,0.049945
6.06,8,0.051004
6.065,8,0.048736
6.07,8,0.047128
6.075,8,0.051522
6.08,8,0.049546
6.085,8,0.052238
6.09,8,0.052314
6.095,8,0.053067
6.1,8,0.052646
6.105,8,0.052976
6.11,8,0.051551
6.115,8,0.055481
6.12,8,0.052679
6.125,8,0.053037
6.13,8,0.054581
6.135,8,0.051204
6.14,8,0.057487
6.145,8,0.051288
6.15,8,0.055427
6.155,8,0.055466
6.16,8,0.05264
6.165,8,0.050864
6.17,8,0.052632
6.175,8,0.054426
6.18,8,0.055066
6.185,8,0.055028
6.19,8,0.054034
6.195,8,0.054839
6.2,8,0.057798
6.205,8,0.055946
6.21,8,0.055173
6.215,8,0.055707
6.22,8,0.057304
6.225,8,0.055582
6.23,8,0.057503
6.235,8,0.055234
6.24,8,0.055563
6.245,8,0.05562
6.25,8,0.054288
6.255,8,0.059348
6.26,8,0.059255
6.265,8,0.056561
6.27,8,0.058571
6.275,8,0.060004
6.28,8,0.056882
6.285,8,0.05689
6.29,8,0.057929
6.295,8,0.060207
6.3,8,0.059365
6.305,8,0.058888
6.31,8,0.060974
6.315,8,0.05787
6.32,8,0.058135
6.325,8,0.059929
6.33,8,0.060653
6.335,8,0.060758
6.34,8,0.059064
6.345,8,0.06006
6.35,8,0.060485
6.355,8,0.061345
6.36,8,0.061482
6.365,8,0.061776
6.37,8,0.060521
6.375,8,0.062677
6.38,8,0.063602
6.385,8,0.061922
6.39,8,0.061897
6.395,8,0.063365
6.4,8,0.06156
6.405,8,0.065602
6.41,8,0.062006
6.415,8,0.063415
6.42,8,0.0624
6.425,8,0.063094
6.43,8,0.063728
6.435,8,0.065689
6.44,8,0.063733
6.445,8,0.064494
6.45,8,0.064494
6.455,8,0.066729
6.46,8,0.062107
6.465,8,0.066163
6.47,8,0.065626
6.475,8,0.063516
6.48,8,0.06594
6.485,8,0.06598
6.49,8,0.066243
6.495,8,0.067402
6.5,8,0.066693
6.505,8,0.0679
6.51,8,0.069636
6.515,8,0.068294
6.52,8,0.067263
6.525,8,0.066577
6.53,8,0.070594
6.535,8,0.067453
6.54,8,0.069792
6.545,8,0.069695
6.55,8,0.06962
6.555,8,0.069384
6.56,8,0.06814
6.565,8,0.07034
6.57,8,0.069207
6.575,8,0.069603
6.58,8,0.069718
6.585,8,0.069282
6.59,8,0.068367
6.595,8,0.06972
6.6,8,0.072398
6.605,8,0.073741
6.61,8,0.070868
6.615,8,0.072071
6.62,8,0.071965
6.625,8,0.069027
6.63,8,0.071984
6.635,8,0.070528
6.64,8,0.069702
6.645,8,0.071231
6.65,8,0.074998
6.655,8,0.072807
6.66,8,0.071252
6.665,8,0.074131
6.67,8,0.073988
6.675,8,0.07298
6.68,8,0.074476
6.685,8,0.073404
6.69,8,0.072113
6.695,8,0.072331
6.7,8,0.074207
6.705,8,0.073168
6.71,8,0.074012
6.715,8,0.075072
6.72,8,0.075403
6.725,8,0.073031
6.73,8,0.076042
6.735,8,0.075627
6.74,8,0.076926
6.745,8,0.077436
6.75,8,0.074372
6.755,8,0.077493
6.76,8,0.07697
6.765,8,0.078879
6.77,8,0.077403
6.775,8,0.076206
6.78,8,0.074438
6.785,8,0.076173
6.79,8,0.076083
6.795,8,0.07832
6.8,8,0.076262
6.805,8,0.076377
6.81,8,0.078882
6.815,8,0.081722
6.82,8,0.077755
6.825,8,0.076855
6.83,8,0.075963
6.835,8,0.078308
6.84,8,0.080642
6.845,8,0.079764
6.85,8,0.08025
6.855,8,0.081428
6.86,8,0.082801
6.865,8,0.077906
6.87,8,0.080345
6.875,8,0.080089
6.88,8,0.080359
6.885,8,0.077711
6.89,8,0.079806
6.895,8,0.083761
6.9,8,0.083183
6.905,8,0.082483
6.91,8,0.08361
6.915,8,0.080674
6.92,8,0.082693
6.925,8,0.082561
6.93,8,0.084438
6.935,8,0.085729
6.94,8,0.08239
6.945,8,0.085522
6.95,8,0.084172
6.955,8,0.0862
6.96,8,0.085953
6.965,8,0.083269
6.97,8,0.087734
6.975,8,0.082897
6.98,8,0.085571
6.985,8,0.087815
6.99,8,0.083378
6.995,8,0.085328
7,8,0.085442
7.005,8,0.086456
7.01,8,0.087285
7.015,8,0.086177
7.02,8,0.087455
7.025,8,0.090253
7.03,8,0.089516
7.035,8,0.089973
7.04,8,0.088392
7.045,8,0.08673
7.05,8,0.088515
7.055,8,0.08917
7.06,8,0.089896
7.065,8,0.089676
7.07,8,0.08783
7.075,8,0.086989
7.08,8,0.087078
7.085,8,0.088491
7.09,8,0.090266
7.095,8,0.092021
7.1,8,0.089752
7.105,8,0.091472
7.11,8,0.088443
7.115,8,0.092482
7.12,8,0.090783
7.125,8,0.092725
7.13,8,0.09201
7.135,8,0.090279
7.14,8,0.089981
7.145,8,0.088173
7.15,8,0.091656
7.155,8,0.091798
7.16,8,0.091623
7.165,8,0.093781
7.17,8,0.092584
7.175,8,0.09383
7.18,8,0.094131
7.185,8,0.09359
7.19,8,0.092048
7.195,8,0.094431
7.2,8,0.093125
7.205,8,0.091782
7.21,8,0.095612
7.215,8,0.098014
7.22,8,0.09334
7.225,8,0.094756
7.23,8,0.096774
7.235,8,0.091921
7.24,8,0.092426
7.245,8,0.095136
7.25,8,0.097271
7.255,8,0.10097
7.26,8,0.1009
7.265,8,0.097805
7.27,8,0.097435
7.275,8,0.095808
7.28,8,0.094187
7.285,8,0.096907
7.29,8,0.097515
7.295,8,0.097588
7.3,8,0.10012
7.305,8,0.097995
7.31,8,0.10042
7.315,8,0.09937
7.32,8,0.09962
7.325,8,0.096494
7.33,8,0.099987
7.335,8,0.099974
7.34,8,0.098134
7.345,8,0.09995
7.35,8,0.10025
7.355,8,0.10059
7.36,8,0.10104
7.365,8,0.1019
7.37,8,0.10046
7.375,8,0.10135
7.38,8,0.10075
7.385,8,0.1024
7.39,8,0.10022
7.395,8,0.10289
7.4,8,0.099682
7.405,8,0.10302
7.41,8,0.10168
7.415,8,0.10255
7.42,8,0.10177
7.425,8,0.10228
7.43,8,0.10314
7.435,8,0.10416
7.44,8,0.10438
7.445,8,0.10377
7.45,8,0.10532
7.455,8,0.10419
7.46,8,0.10566
7.465,8,0.10687
7.47,8,0.10245
7.475,8,0.10272
7.48,8,0.10648
7.485,8,0.10457
7.49,8,0.1057
7.495,8,0.10753
7.5,8,0.10442
7.505,8,0.10411
7.51,8,0.1059
7.515,8,0.10624
7.52,8,0.10693
7.525,8,0.1071
7.53,8,0.1044
7.535,8,0.10642
7.54,8,0.10656
7.545,8,0.1036
7.55,8,0.10534
7.555,8,0.10866
7.56,8,0.10605
7.565,8,0.10826
7.57,8,0.10545
7.575,8,0.10872
7.58,8,0.10979
7.585,8,0.11038
7.59,8,0.10821
7.595,8,0.10758
7.6,8,0.11042
7.605,8,0.10937
7.61,8,0.10972
7.615,8,0.11167
7.62,8,0.11276
7.625,8,0.1089
7.63,8,0.10967
7.635,8,0.11073
7.64,8,0.1118
7.645,8,0.113
7.65,8,0.11203
7.655,8,0.11073
7.66,8,0.11307
7.665,8,0.11263
7.67,8,0.11171
7.675,8,0.11304
7.68,8,0.11264
7.685,8,0.11527
7.69,8,0.11235
7.695,8,0.11482
7.7,8,0.1149
7.705,8,0.11251
7.71,8,0.11452
7.715,8,0.11504
7.72,8,0.11635
7.725,8,0.11214
7.73,8,0.11307
7.735,8,0.11471
7.74,8,0.11112
7.745,8,0.11257
7.75,8,0.11234
7.755,8,0.11629
7.76,8,0.11449
7.765,8,0.12014
7.77,8,0.11704
7.775,8,0.11724
7.78,8,0.11597
7.785,8,0.11594
7.79,8,0.11782
7.795,8,0.11856
7.8,8,0.11918
7.805,8,0.11924
7.81,8,0.11901
7.815,8,0.11753
7.82,8,0.11772
7.825,8,0.11664
7.83,8,0.11795
7.835,8,0.11893
7.84,8,0.11645
7.845,8,0.11812
7.85,8,0.11831
7.855,8,0.11926
7.86,8,0.11882
7.865,8,0.11902
7.87,8,0.11773
7.875,8,0.11815
7.88,8,0.11814
7.885,8,0.12074
7.89,8,0.12112
7.895,8,0.11785
7.9,8,0.11917
7.905,8,0.1205
7.91,8,0.12206
7.915,8,0.12175
7.92,8,0.12292
7.925,8,0.1198
7.93,8,0.12103
7.935,8,0.12019
7.94,8,0.12254
7.945,8,0.12138
7.95,8,0.12394
7.955,8,0.12045
7.96,8,0.1233
7.965,8,0.12013
7.97,8,0.1222
7.975,8,0.12364
7.98,8,0.12455
7.985,8,0.12465
7.99,8,0.1217
7.995,8,0.12524
8,8,0.12593
8.005,-24,0.12372
8.01,-24,0.1266
8.015,-24,0.12431
8.02,-24,0.12389
8.025,-24,0.12539
8.03,-24,0.12599
8.035,-24,0.12554
8.04,-24,0.12509
8.045,-24,0.12529
8.05,-24,0.12367
8.055,-24,0.12485
8.06,-24,0.12442
8.065,-24,0.12079
8.07,-24,0.12188
8.075,-24,0.12376
8.08,-24,0.12137
8.085,-24,0.12055
8.09,-24,0.12064
8.095,-24,0.12195
8.1,-24,0.11819
8.105,-24,0.12076
8.11,-24,0.12029
8.115,-24,0.11935
8.12,-24,0.11709
8.125,-24,0.11585
8.13,-24,0.11838
8.135,-24,0.1171
8.14,-24,0.11613
8.145,-24,0.11568
8.15,-24,0.11547
8.155,-24,0.11486
8.16,-24,0.11555
8.165,-24,0.11419
8.17,-24,0.11277
8.175,-24,0.11355
8.18,-24,0.11436
8.185,-24,0.11133
8.19,-24,0.11187
8.195,-24,0.10818
8.2,-24,0.11097
8.205,-24,0.10783
8.21,-24,0.1076
8.215,-24,0.10856
8.22,-24,0.10635
8.225,-24,0.10312
8.23,-24,0.10283
8.235,-24,0.10316
8.24,-24,0.10548
8.245,-24,0.10334
8.25,-24,0.10301
8.255,-24,0.10132
8.26,-24,0.10517
8.265,-24,0.10141
8.27,-24,0.099986
8.275,-24,0.101
8.28,-24,0.097681
8.285,-24,0.098677
8.29,-24,0.099029
8.295,-24,0.10144
8.3,-24,0.09817
8.305,-24,0.097613
8.31,-24,0.097731
8.315,-24,0.097543
8.32,-24,0.094601
8.325,-24,0.095359
8.33,-24,0.091702
8.335,-24,0.094376
8.34,-24,0.091386
8.345,-24,0.092261
8.35,-24,0.092233
8.355,-24,0.090075
8.36,-24,0.092678
8.365,-24,0.08941
8.37,-24,0.088655
8.375,-24,0.09004
8.38,-24,0.09042
8.385,-24,0.088128
8.39,-24,0.085702
8.395,-24,0.088264
8.4,-24,0.084989
8.405,-24,0.082502
8.41,-24,0.083469
8.415,-24,0.086692
8.42,-24,0.086888
8.425,-24,0.083542
8.43,-24,0.082776
8.435,-24,0.079387
8.44,-24,0.078782
8.445,-24,0.082021
8.45,-24,0.079941
8.455,-24,0.078564
8.46,-24,0.078371
8.465,-24,0.077865
8.47,-24,0.077807
8.475,-24,0.075774
8.48,-24,0.077146
8.485,-24,0.076669
8.49,-24,0.076909
8.495,-24,0.074337
8.5,-24,0.076894
8.505,-24,0.073433
8.51,-24,0.074154
8.515,-24,0.072082
8.52,-24,0.074749
8.525,-24,0.070892
8.53,-24,0.072419
8.535,-24,0.069912
8.54,-24,0.071283
8.545,-24,0.070922
8.55,-24,0.068465
8.555,-24,0.067623
8.56,-24,0.0667
8.565,-24,0.066677
8.57,-24,0.065734
8.575,-24,0.062981
8.58,-24,0.064814
8.585,-24,0.065078
8.59,-24,0.062931
8.595,-24,0.062513
8.6,-24,0.061989
8.605,-24,0.062258
8.61,-24,0.06051
8.615,-24,0.05929
8.62,-24,0.062892
8.625,-24,0.05916
8.63,-24,0.060228
8.635,-24,0.057077
8.64,-24,0.061219
8.645,-24,0.057688
8.65,-24,0.058841
8.655,-24,0.05767
8.66,-24,0.05592
8.665,-24,0.055824
8.67,-24,0.053838
8.675,-24,0.05436
8.68,-24,0.054894
8.685,-24,0.052226
8.69,-24,0.051594
8.695,-24,0.051561
8.7,-24,0.052428
8.705,-24,0.049229
8.71,-24,0.04855
8.715,-24,0.049109
8.72,-24,0.048568
8.725,-24,0.04942
8.73,-24,0.04942
8.735,-24,0.045624
8.74,-24,0.043786
8.745,-24,0.043706
8.75,-24,0.043684
8.755,-24,0.042967
8.76,-24,0.044189
8.765,-24,0.043121
8.77,-24,0.045567
8.775,-24,0.043686
8.78,-24,0.041959
8.785,-24,0.03956
8.79,-24,0.041073
8.795,-24,0.040776
8.8,-24,0.040343
8.805,-24,0.038544
8.81,-24,0.037012
8.815,-24,0.040286
8.82,-24,0.036529
8.825,-24,0.036838
8.83,-24,0.037233
8.835,-24,0.035652
8.84,-24,0.03388
8.845,-24,0.036904
8.85,-24,0.029691
8.855,-24,0.033995
8.86,-24,0.034968
8.865,-24,0.031928
8.87,-24,0.031378
8.875,-24,0.030041
8.88,-24,0.034035
8.885,-24,0.03224
8.89,-24,0.029176
8.895,-24,0.028264
8.9,-24,0.026837
8.905,-24,0.02979
8.91,-24,0.024494
8.915,-24,0.025024
8.92,-24,0.025085
8.925,-24,0.023527
8.93,-24,0.02275
8.935,-24,0.025062
8.94,-24,0.023315
8.945,-24,0.02211
8.95,-24,0.021874
8.955,-24,0.021518
8.96,-24,0.019675
8.965,-24,0.0202
8.97,-24,0.018646
8.975,-24,0.020569
8.98,-24,0.019509
8.985,-24,0.017674
8.99,-24,0.018111
8.995,-24,0.015756
9,-24,0.015537
9.005,-24,0.014941
9.01,-24,0.015603
9.015,-24,0.014792
9.02,-24,0.011089
9.025,-24,0.01208
9.03,-24,0.012238
9.035,-24,0.012066
9.04,-24,0.011039
9.045,-24,0.01221
9.05,-24,0.012591
9.055,-24,0.011578
9.06,-24,0.010067
9.065,-24,0.01053
9.07,-24,0.010099
9.075,-24,0.0085769
9.08,-24,0.010157
9.085,-24,0.0062042
9.09,-24,0.006525
9.095,-24,0.0047397
9.1,-24,0.0038883
9.105,-24,0.0027915
9.11,-24,0.0025384
9.115,-24,0.0011748
9.12,-24,0.0020677
9.125,-24,0.00087812
9.13,-24,0.0036939
9.135,-24,0.0015697
9.14,-24,-0.0027041
9.145,-24,0.0013697
9.15,-24,-0.0017652
9.155,-24,-0.0039113
9.16,-24,-0.0013283
9.165,-24,-0.00086793
9.17,-24,-0.0028486
9.175,-24,-0.0032609
9.18,-24,-0.0056448
9.185,-24,-0.0052521
9.19,-24,-0.0057559
9.195,-24,-0.0065356
9.2,-24,-0.0056698
9.205,-24,-0.0085096
9.21,-24,-0.0084142
9.215,-24,-0.0091826
9.22,-24,-0.0084694
9.225,-24,-0.0077838
9.23,-24,-0.0075884
9.235,-24,-0.0076962
9.24,-24,-0.012921
9.245,-24,-0.013091
9.25,-24,-0.0096622
9.255,-24,-0.012593
9.26,-24,-0.014566
9.265,-24,-0.012215
9.27,-24,-0.017228
9.275,-24,-0.016174
9.28,-24,-0.017465
9.285,-24,-0.014961
9.29,-24,-0.014285
9.295,-24,-0.016688
9.3,-24,-0.016135
9.305,-24,-0.016616
9.31,-24,-0.018497
9.315,-24,-0.020885
9.32,-24,-0.019341
9.325,-24,-0.020789
9.33,-24,-0.023544
9.335,-24,-0.023283
9.34,-24,-0.020782
9.345,-24,-0.025335
9.35,-24,-0.023701
9.355,-24,-0.025909
9.36,-24,-0.024508
9.365,-24,-0.027405
9.37,-24,-0.028394
9.375,-24,-0.026757
9.38,-24,-0.028999
9.385,-24,-0.026287
9.39,-24,-0.02805
9.395,-24,-0.029924
9.4,-24,-0.030512
9.405,-24,-0.03357
9.41,-24,-0.031169
9.415,-24,-0.028458
9.42,-24,-0.031853
9.425,-24,-0.034432
9.43,-24,-0.032974
9.435,-24,-0.032963
9.44,-24,-0.036621
9.445,-24,-0.034427
9.45,-24,-0.033656
9.455,-24,-0.036037
9.46,-24,-0.03741
9.465,-24,-0.039061
9.47,-24,-0.038015
9.475,-24,-0.040217
9.48,-24,-0.03978
9.485,-24,-0.040487
9.49,-24,-0.040514
9.495,-24,-0.040325
9.5,-24,-0.042236
9.505,-24,-0.04208
9.51,-24,-0.045336
9.515,-24,-0.041842
9.52,-24,-0.045413
9.525,-24,-0.044928
9.53,-24,-0.044833
9.535,-24,-0.044326
9.54,-24,-0.04745
9.545,-24,-0.046789
9.55,-24,-0.048291
9.555,-24,-0.049621
9.56,-24,-0.048625
9.565,-24,-0.049407
9.57,-24,-0.049793
9.575,-24,-0.051858
9.58,-24,-0.051665
9.585,-24,-0.050974
9.59,-24,-0.051012
9.595,-24,-0.05304
9.6,-24,-0.05023
9.605,-24,-0.05532
9.61,-24,-0.056387
9.615,-24,-0.052505
9.62,-24,-0.056929
9.625,-24,-0.056402
9.63,-24,-0.058186
9.635,-24,-0.059039
9.64,-24,-0.05902
9.645,-24,-0.058685
9.65,-24,-0.059693
9.655,-24,-0.058301
9.66,-24,-0.06081
9.665,-24,-0.058859
9.67,-24,-0.062577
9.675,-24,-0.064263
9.68,-24,-0.062062
9.685,-24,-0.061105
9.69,-24,-0.064015
9.695,-24,-0.062393
9.7,-24,-0.065192
9.705,-24,-0.066356
9.71,-24,-0.067845
9.715,-24,-0.064962
9.72,-24,-0.069093
9.725,-24,-0.068219
9.73,-24,-0.069479
9.735,-24,-0.070051
9.74,-24,-0.069897
9.745,-24,-0.069837
9.75,-24,-0.070278
9.755,-24,-0.07248
9.76,-24,-0.071282
9.765,-24,-0.071602
9.77,-24,-0.073165
9.775,-24,-0.073876
9.78,-24,-0.07593
9.785,-24,-0.074231
9.79,-24,-0.072808
9.795,-24,-0.074734
9.8,-24,-0.076611
9.805,-24,-0.076154
9.81,-24,-0.077322
9.815,-24,-0.077321
9.82,-24,-0.078576
9.825,-24,-0.079327
9.83,-24,-0.077537
9.835,-24,-0.080317
9.84,-24,-0.080125
9.845,-24,-0.080496
9.85,-24,-0.080253
9.855,-24,-0.083058
9.86,-24,-0.082462
9.865,-24,-0.083887
9.87,-24,-0.085291
9.875,-24,-0.0853
9.88,-24,-0.084821
9.885,-24,-0.087429
9.89,-24,-0.084514
9.895,-24,-0.084643
9.9,-24,-0.089143
9.905,-24,-0.089151
9.91,-24,-0.088518
9.915,-24,-0.089187
9.92,-24,-0.088294
9.925,-24,-0.09106
9.93,-24,-0.089142
9.935,-24,-0.093366
9.94,-24,-0.092574
9.945,-24,-0.092789
9.95,-24,-0.095306
9.955,-24,-0.094347
9.96,-24,-0.095414
9.965,-24,-0.09431
9.97,-24,-0.095359
9.975,-24,-0.093978
9.98,-24,-0.095845
9.985,-24,-0.097765
9.99,-24,-0.10138
9.995,-24,-0.099277
10,-24,-0.10081
10.005,-24,-0.096657
10.01,-24,-0.10071
10.015,-24,-0.10084
10.02,-24,-0.10139
10.025,-24,-0.10273
10.03,-24,-0.10589
10.035,-24,-0.10059
10.04,-24,-0.10377
10.045,-24,-0.10608
10.05,-24,-0.10581
10.055,-24,-0.10366
10.06,-24,-0.1064
10.065,-24,-0.10694
10.07,-24,-0.1083
10.075,-24,-0.11066
10.08,-24,-0.11001
10.085,-24,-0.11083
10.09,-24,-0.11
10.095,-24,-0.11046
10.1,-24,-0.11155
10.105,-24,-0.11076
10.11,-24,-0.11295
10.115,-24,-0.11266
10.12,-24,-0.1149
10.125,-24,-0.11565
10.13,-24,-0.1152
10.135,-24,-0.1141
10.14,-24,-0.11563
10.145,-24,-0.11605
10.15,-24,-0.11814
10.155,-24,-0.11869
10.16,-24,-0.11738
10.165,-24,-0.11815
10.17,-24,-0.12139
10.175,-24,-0.12223
10.18,-24,-0.11904
10.185,-24,-0.12118
10.19,-24,-0.12196
10.195,-24,-0.12174
10.2,-24,-0.12304
10.205,-24,-0.12315
10.21,-24,-0.12334
10.215,-24,-0.12705
10.22,-24,-0.12518
10.225,-24,-0.12584
10.23,-24,-0.12576
10.235,-24,-0.12649
10.24,-24,-0.12939
10.245,-24,-0.12791
10.25,-24,-0.13019
10.255,-24,-0.1298
10.26,-24,-0.12969
10.265,-24,-0.129
10.27,-24,-0.13031
10.275,-24,-0.13119
10.28,-24,-0.13431
10.285,-24,-0.13259
10.29,-24,-0.13157
10.295,-24,-0.13709
10.3,-24,-0.1338
10.305,-24,-0.13877
10.31,-24,-0.13611
10.315,-24,-0.13564
10.32,-24,-0.13938
10.325,-24,-0.13626
10.33,-24,-0.13767
10.335,-24,-0.13712
10.34,-24,-0.13841
10.345,-24,-0.14039
10.35,-24,-0.13981
10.355,-24,-0.14091
10.36,-24,-0.14429
10.365,-24,-0.14154
10.37,-24,-0.14212
10.375,-24,-0.14257
10.38,-24,-0.14362
10.385,-24,-0.14454
10.39,-24,-0.14897
10.395,-24,-0.1432
10.4,-24,-0.14749
10.405,-24,-0.14777
10.41,-24,-0.14602
10.415,-24,-0.1487
10.42,-24,-0.14993
10.425,-24,-0.14805
10.43,-24,-0.14997
10.435,-24,-0.15185
10.44,-24,-0.14828
10.445,-24,-0.15179
10.45,-24,-0.15307
10.455,-24,-0.15452
10.46,-24,-0.15356
10.465,-24,-0.15132
10.47,-24,-0.15329
10.475,-24,-0.15636
10.48,-24,-0.1557
10.485,-24,-0.15468
10.49,-24,-0.15422
10.495,-24,-0.15733
10.5,-24,-0.15894
10.505,-24,-0.15787
10.51,-24,-0.16058
10.515,-24,-0.15814
10.52,-24,-0.16146
10.525,-24,-0.16155
10.53,-24,-0.16419
10.535,-24,-0.16321
10.54,-24,-0.16198
10.545,-24,-0.16115
10.55,-24,-0.16186
10.555,-24,-0.16652
10.56,-24,-0.16522
10.565,-24,-0.16528
10.57,-24,-0.16587
10.575,-24,-0.1661
10.58,-24,-0.16674
10.585,-24,-0.16837
10.59,-24,-0.16853
10.595,-24,-0.16979
10.6,-24,-0.17036
10.605,-24,-0.16851
10.61,-24,-0.1723
10.615,-24,-0.17161
10.62,-24,-0.17343
10.625,-24,-0.17127
10.63,-24,-0.17445
10.635,-24,-0.17594
10.64,-24,-0.17591
10.645,-24,-0.17374
10.65,-24,-0.17193
10.655,-24,-0.17658
10.66,-24,-0.17506
10.665,-24,-0.17446
10.67,-24,-0.17563
10.675,-24,-0.17562
10.68,-24,-0.17952
10.685,-24,-0.17764
10.69,-24,-0.18015
10.695,-24,-0.18259
10.7,-24,-0.18148
10.705,-24,-0.18099
10.71,-24,-0.17935
10.715,-24,-0.18134
10.72,-24,-0.18288
10.725,-24,-0.18237
10.73,-24,-0.1852
10.735,-24,-0.18697
10.74,-24,-0.18662
10.745,-24,-0.18794
10.75,-24,-0.18527
10.755,-24,-0.18753
10.76,-24,-0.18969
10.765,-24,-0.1888
10.77,-24,-0.19034
10.775,-24,-0.19012
10.78,-24,-0.18809
10.785,-24,-0.18857
10.79,-24,-0.19251
10.795,-24,-0.19253
10.8,-24,-0.19192
10.805,-24,-0.19296
10.81,-24,-0.19448
10.815,-24,-0.19276
10.82,-24,-0.197
10.825,-24,-0.19164
10.83,-24,-0.19657
10.835,-24,-0.19601
10.84,-24,-0.19826
10.845,-24,-0.19931
10.85,-24,-0.19666
10.855,-24,-0.19888
10.86,-24,-0.19917
10.865,-24,-0.19991
10.87,-24,-0.19964
10.875,-24,-0.19865
10.88,-24,-0.20084
10.885,-24,-0.20139
10.89,-24,-0.20114
10.895,-24,-0.20224
10.9,-24,-0.20589
10.905,-24,-0.20514
10.91,-24,-0.20776
10.915,-24,-0.20503
10.92,-24,-0.20363
10.925,-24,-0.2047
10.93,-24,-0.20627
10.935,-24,-0.20963
10.94,-24,-0.20991
10.945,-24,-0.20912
10.95,-24,-0.21017
10.955,-24,-0.20925
10.96,-24,-0.20916
10.965,-24,-0.21209
10.97,-24,-0.2124
10.975,-24,-0.21123
10.98,-24,-0.21272
10.985,-24,-0.21655
10.99,-24,-0.21583
10.995,-24,-0.21632
11,-24,-0.21776
11.005,23.993,-0.21663
11.01,23.973,-0.21668
11.015,23.94,-0.21519
11.02,23.893,-0.21653
11.025,23.834,-0.21606
11.03,23.761,-0.21906
11.035,23.674,-0.21751
11.04,23.575,-0.21553
11.045,23.462,-0.21888
11.05,23.337,-0.21678
11.055,23.198,-0.21572
11.06,23.047,-0.21898
11.065,22.883,-0.21644
11.07,22.706,-0.21826
11.075,22.517,-0.21731
11.08,22.315,-0.21726
11.085,22.1,-0.21667
11.09,21.874,-0.21601
11.095,21.635,-0.21641
11.1,21.384,-0.21569
11.105,21.122,-0.21359
11.11,20.847,-0.21141
11.115,20.561,-0.21579
11.12,20.264,-0.21345
11.125,19.955,-0.21208
11.13,19.636,-0.21142
11.135,19.305,-0.21026
11.14,18.964,-0.21104
11.145,18.612,-0.21339
11.15,18.25,-0.20932
11.155,17.877,-0.20852
11.16,17.495,-0.21024
11.165,17.103,-0.20944
11.17,16.702,-0.20939
11.175,16.291,-0.20832
11.18,15.871,-0.20904
11.185,15.443,-0.20542
11.19,15.006,-0.20859
11.195,14.56,-0.20692
11.2,14.107,-0.20395
11.205,13.645,-0.20495
11.21,13.177,-0.20567
11.215,12.7,-0.20538
11.22,12.217,-0.20377
11.225,11.727,-0.20262
11.23,11.23,-0.20253
11.235,10.727,-0.20065
11.24,10.219,-0.20442
11.245,9.7042,-0.20284
11.25,9.1844,-0.20528
11.255,8.6595,-0.20131
11.26,8.1297,-0.20051
11.265,7.5954,-0.2012
11.27,7.057,-0.20356
11.275,6.5146,-0.20385
11.28,5.9686,-0.19776
11.285,5.4192,-0.20212
11.29,4.8669,-0.1986
11.295,4.3119,-0.20004
11.3,3.7544,-0.19968
11.305,3.1949,-0.20028
11.31,2.6336,-0.19832
11.315,2.0709,-0.19923
11.32,1.507,-0.20043
11.325,0.94224,-0.19914
11.33,0.37698,-0.19856
11.335,-0.18849,-0.1986
11.34,-0.75386,-0.19762
11.345,-1.3188,-0.19759
11.35,-1.883,-0.20187
11.355,-2.4462,-0.19921
11.36,-3.008,-0.19814
11.365,-3.5681,-0.19721
11.37,-4.1263,-0.19685
11.375,-4.6822,-0.19705
11.38,-5.2354,-0.19842
11.385,-5.7858,-0.19569
11.39,-6.333,-0.19909
11.395,-6.8766,-0.20011
11.4,-7.4164,-0.19731
11.405,-7.9521,-0.19656
11.41,-8.4834,-0.19663
11.415,-9.01,-0.19738
11.42,-9.5315,-0.19695
11.425,-10.048,-0.19814
11.43,-10.559,-0.19615
11.435,-11.063,-0.19661
11.44,-11.562,-0.19865
11.445,-12.054,-0.19777
11.45,-12.54,-0.19746
11.455,-13.019,-0.19706
11.46,-13.49,-0.19971
11.465,-13.954,-0.19784
11.47,-14.41,-0.19831
11.475,-14.858,-0.19873
11.48,-15.298,-0.19864
11.485,-15.73,-0.20086
11.49,-16.152,-0.20005
11.495,-16.566,-0.19962
11.5,-16.971,-0.20222
11.505,-17.366,-0.20379
11.51,-17.751,-0.2012
11.515,-18.127,-0.20221
11.52,-18.492,-0.20218
11.525,-18.848,-0.20323
11.53,-19.192,-0.20484
11.535,-19.527,-0.20322
11.54,-19.85,-0.20292
11.545,-20.162,-0.20428
11.55,-20.463,-0.20544
11.555,-20.753,-0.20559
11.56,-21.031,-0.20629
11.565,-21.298,-0.20845
11.57,-21.553,-0.20642
11.575,-21.795,-0.20567
11.58,-22.026,-0.20762
11.585,-22.245,-0.20902
11.59,-22.451,-0.20765
11.595,-22.644,-0.20731
11.6,-22.825,-0.20892
11.605,-22.994,-0.20936
11.61,-23.149,-0.21026
11.615,-23.292,-0.21196
11.62,-23.422,-0.21141
11.625,-23.539,-0.21043
11.63,-23.643,-0.21273
11.635,-23.733,-0.21211
11.64,-23.811,-0.21379
11.645,-23.875,-0.21335
11.65,-23.926,-0.21571
11.655,-23.964,-0.21711
11.66,-23.988,-0.21952
11.665,-23.999,-0.21532
11.67,-23.997,-0.21645
11.675,-23.981,-0.21644
11.68,-23.953,-0.21723
11.685,-23.91,-0.22132
11.69,-23.855,-0.21906
11.695,-23.786,-0.21687
11.7,-23.705,-0.21895
11.705,-23.609,-0.22114
11.71,-23.501,-0.22218
11.715,-23.38,-0.22259
11.72,-23.246,-0.22223
11.725,-23.099,-0.2229
11.73,-22.939,-0.22509
11.735,-22.766,-0.22499
11.74,-22.581,-0.2253
11.745,-22.383,-0.22379
11.75,-22.173,-0.22447
11.755,-21.951,-0.2261
11.76,-21.716,-0.229
11.765,-21.469,-0.22731
11.77,-21.21,-0.22704
11.775,-20.94,-0.22905
11.78,-20.658,-0.23126
11.785,-20.364,-0.23099
11.79,-20.059,-0.2292
11.795,-19.743,-0.23101
11.8,-19.416,-0.23086
11.805,-19.079,-0.23148
11.81,-18.73,-0.23134
11.815,-18.372,-0.23154
11.82,-18.003,-0.23281
11.825,-17.624,-0.23314
11.83,-17.235,-0.23391
11.835,-16.837,-0.23665
11.84,-16.429,-0.23402
11.845,-16.012,-0.23431
11.85,-15.587,-0.23584
11.855,-15.152,-0.23715
11.86,-14.71,-0.23808
11.865,-14.259,-0.24001
11.87,-13.8,-0.23805
11.875,-13.334,-0.2376
11.88,-12.86,-0.23748
11.885,-12.379,-0.2395
11.89,-11.891,-0.24043
11.895,-11.397,-0.2375
11.9,-10.896,-0.23788
11.905,-10.389,-0.23722
11.91,-9.8763,-0.24256
11.915,-9.3583,-0.24342
11.92,-8.835,-0.24158
11.925,-8.3068,-0.24155
11.93,-7.774,-0.24141
11.935,-7.2369,-0.24347
11.94,-6.6958,-0.24331
11.945,-6.1509,-0.24374
11.95,-5.6027,-0.2465
11.955,-5.0513,-0.24502
11.96,-4.4972,-0.24392
11.965,-3.9405,-0.24486
11.97,-3.3816,-0.24319
11.975,-2.8209,-0.24376
11.98,-2.2586,-0.24438
11.985,-1.695,-0.24407
11.99,-1.1306,-0.24208
11.995,-0.56543,-0.24568
12,-5.2905e-14,-0.24144
12.005,0.56543,-0.24277
12.01,1.1306,-0.24376
12.015,1.695,-0.24871
12.02,2.2586,-0.24668
12.025,2.8209,-0.24788
12.03,3.3816,-0.24565
12.035,3.9405,-0.24758
12.04,4.4972,-0.24668
12.045,5.0513,-0.24382
12.05,5.6027,-0.24788
12.055,6.1509,-0.24879
12.06,6.6958,-0.24712
12.065,7.2369,-0.24634
12.07,7.774,-0.24487
12.075,8.3068,-0.24566
12.08,8.835,-0.24628
12.085,9.3583,-0.24531
12.09,9.8763,-0.24726
12.095,10.389,-0.24498
12.1,10.896,-0.24375
12.105,11.397,-0.24519
12.11,11.891,-0.24322
12.115,12.379,-0.24533
12.12,12.86,-0.24311
12.125,13.334,-0.24646
12.13,13.8,-0.24417
12.135,14.259,-0.24316
12.14,14.71,-0.24535
12.145,15.152,-0.24575
12.15,15.587,-0.24416
12.155,16.012,-0.2434
12.16,16.429,-0.24069
12.165,16.837,-0.24394
12.17,17.235,-0.24056
12.175,17.624,-0.2422
12.18,18.003,-0.24242
12.185,18.372,-0.24168
12.19,18.73,-0.2376
12.195,19.079,-0.24137
12.2,19.416,-0.2378
12.205,19.743,-0.23957
12.21,20.059,-0.24006
12.215,20.364,-0.23785
12.22,20.658,-0.23832
12.225,20.94,-0.23821
12.23,21.21,-0.23694
12.235,21.469,-0.23794
12.24,21.716,-0.23361
12.245,21.951,-0.23618
12.25,22.173,-0.23466
12.255,22.383,-0.23388
12.26,22.581,-0.23633
12.265,22.766,-0.23224
12.27,22.939,-0.23248
12.275,23.099,-0.23458
12.28,23.246,-0.23249
12.285,23.38,-0.23383
12.29,23.501,-0.2301
12.295,23.609,-0.23146
12.3,23.705,-0.22953
12.305,23.786,-0.23028
12.31,23.855,-0.22943
12.315,23.91,-0.23004
12.32,23.953,-0.22944
12.325,23.981,-0.22849
12.33,23.997,-0.22402
12.335,23.999,-0.2258
12.34,23.988,-0.22571
12.345,23.964,-0.22516
12.35,23.926,-0.22183
12.355,23.875,-0.22418
12.36,23.811,-0.22332
12.365,23.733,-0.22466
12.37,23.643,-0.2232
12.375,23.539,-0.22416
12.38,23.422,-0.22122
12.385,23.292,-0.22247
12.39,23.149,-0.21885
12.395,22.994,-0.21887
12.4,22.825,-0.21987
12.405,22.644,-0.21974
12.41,22.451,-0.2207
12.415,22.245,-0.2168
12.42,22.026,-0.21623
12.425,21.795,-0.21711
12.43,21.553,-0.21325
12.435,21.298,-0.21497
12.44,21.031,-0.21441
12.445,20.753,-0.21473
12.45,20.463,-0.21307
12.455,20.162,-0.21481
12.46,19.85,-0.2133
12.465,19.527,-0.21413
12.47,19.192,-0.21396
12.475,18.848,-0.21435
12.48,18.492,-0.2087
12.485,18.127,-0.21363
12.49,17.751,-0.20655
12.495,17.366,-0.20845
12.5,16.971,-0.21228
12.505,16.566,-0.20877
12.51,16.152,-0.20684
12.515,15.73,-0.20874
12.52,15.298,-0.20606
12.525,14.858,-0.20836
12.53,14.41,-0.20622
12.535,13.954,-0.20365
12.54,13.49,-0.20496
12.545,13.019,-0.20325
12.55,12.54,-0.20461
12.555,12.054,-0.20534
12.56,11.562,-0.20316
12.565,11.063,-0.20348
12.57,10.559,-0.20001
12.575,10.048,-0.20408
12.58,9.5315,-0.20236
12.585,9.01,-0.20437
12.59,8.4834,-0.19942
12.595,7.9521,-0.20056
12.6,7.4164,-0.19913
12.605,6.8766,-0.20135
12.61,6.333,-0.20002
12.615,5.7858,-0.19848
12.62,5.2354,-0.20063
12.625,4.6822,-0.19909
12.63,4.1263,-0.20183
12.635,3.5681,-0.19995
12.64,3.008,-0.19949
12.645,2.4462,-0.20017
12.65,1.883,-0.20131
12.655,1.3188,-0.19835
12.66,0.75386,-0.19827
12.665,0.18849,-0.19756
12.67,-0.37698,-0.19692
12.675,-0.94224,-0.19957
12.68,-1.507,-0.19777
12.685,-2.0709,-0.19786
12.69,-2.6336,-0.19621
12.695,-3.1949,-0.19657
12.7,-3.7544,-0.19908
12.705,-4.3119,-0.2006
12.71,-4.8669,-0.19908
12.715,-5.4192,-0.19637
12.72,-5.9686,-0.19787
12.725,-6.5146,-0.19819
12.73,-7.057,-0.19897
12.735,-7.5954,-0.19891
12.74,-8.1297,-0.19734
12.745,-8.6595,-0.19697
12.75,-9.1844,-0.19744
12.755,-9.7042,-0.19803
12.76,-10.219,-0.19666
12.765,-10.727,-0.19881
12.77,-11.23,-0.19871
12.775,-11.727,-0.20031
12.78,-12.217,-0.19871
12.785,-12.7,-0.19941
12.79,-13.177,-0.20091
12.795,-13.645,-0.19875
12.8,-14.107,-0.1994
12.805,-14.56,-0.19694
12.81,-15.006,-0.1995
12.815,-15.443,-0.19975
12.82,-15.871,-0.20106
12.825,-16.291,-0.20271
12.83,-16.702,-0.20314
12.835,-17.103,-0.20115
12.84,-17.495,-0.19967
12.845,-17.877,-0.20173
12.85,-18.25,-0.2012
12.855,-18.612,-0.20371
12.86,-18.964,-0.20286
12.865,-19.305,-0.20409
12.87,-19.636,-0.20525
12.875,-19.955,-0.20334
12.88,-20.264,-0.20527
12.885,-20.561,-0.21008
12.89,-20.847,-0.20276
12.895,-21.122,-0.20654
12.9,-21.384,-0.20595
12.905,-21.635,-0.20764
12.91,-21.874,-0.20717
12.915,-22.1,-0.20826
12.92,-22.315,-0.20842
12.925,-22.517,-0.20945
12.93,-22.706,-0.21094
12.935,-22.883,-0.21046
12.94,-23.047,-0.20982
12.945,-23.198,-0.21105
12.95,-23.337,-0.20887
12.955,-23.462,-0.20713
12.96,-23.575,-0.21343
12.965,-23.674,-0.21413
12.97,-23.761,-0.21493
12.975,-23.834,-0.21534
12.98,-23.893,-0.21458
12.985,-23.94,-0.21444
12.99,-23.973,-0.21527
12.995,-23.993,-0.21801
13,-24,-0.21431
13.005,-23.993,-0.21572
13.01,-23.973,-0.21919
13.015,-23.94,-0.21863
13.02,-23.893,-0.21957
13.025,-23.834,-0.21949
13.03,-23.761,-0.22093
13.035,-23.674,-0.2216
13.04,-23.575,-0.22083
13.045,-23.462,-0.22212
13.05,-23.337,-0.22224
13.055,-23.198,-0.22333
13.06,-23.047,-0.22359
13.065,-22.883,-0.22361
13.07,-22.706,-0.22548
13.075,-22.517,-0.22299
13.08,-22.315,-0.22472
13.085,-22.1,-0.23032
13.09,-21.874,-0.22774
13.095,-21.635,-0.22633
13.1,-21.384,-0.22645
13.105,-21.122,-0.23054
13.11,-20.847,-0.22629
13.115,-20.561,-0.22954
13.12,-20.264,-0.23228
13.125,-19.955,-0.23119
13.13,-19.636,-0.23206
13.135,-19.305,-0.22925
13.14,-18.964,-0.23541
13.145,-18.612,-0.23384
13.15,-18.25,-0.23256
13.155,-17.877,-0.23252
13.16,-17.495,-0.23657
13.165,-17.103,-0.23257
13.17,-16.702,-0.23721
13.175,-16.291,-0.23689
13.18,-15.871,-0.23655
13.185,-15.443,-0.23523
13.19,-15.006,-0.23611
13.195,-14.56,-0.23737
13.2,-14.107,-0.23649
13.205,-13.645,-0.23905
13.21,-13.177,-0.23629
13.215,-12.7,-0.23891
13.22,-12.217,-0.24221
13.225,-11.727,-0.24119
13.23,-11.23,-0.24168
13.235,-10.727,-0.24227
13.24,-10.219,-0.23993
13.245,-9.7042,-0.24308
13.25,-9.1844,-0.2416
13.255,-8.6595,-0.24211
13.26,-8.1297,-0.2434
13.265,-7.5954,-0.24237
13.27,-7.057,-0.24388
13.275,-6.5146,-0.24033
13.28,-5.9686,-0.24563
13.285,-5.4192,-0.24323
13.29,-4.8669,-0.24461
13.295,-4.3119,-0.24441
13.3,-3.7544,-0.24691
13.305,-3.1949,-0.24325
13.31,-2.6336,-0.24438
13.315,-2.0709,-0.24324
13.32,-1.507,-0.24412
13.325,-0.94224,-0.2464
13.33,-0.37698,-0.24718
13.335,0.18849,-0.24624
13.34,0.75386,-0.24481
13.345,1.3188,-0.24735
13.35,1.883,-0.24615
13.355,2.4462,-0.24914
13.36,3.008,-0.2474
13.365,3.5681,-0.24526
13.37,4.1263,-0.24478
13.375,4.6822,-0.24394
13.38,5.2354,-0.24541
13.385,5.7858,-0.24549
13.39,6.333,-0.24748
13.395,6.8766,-0.24895
13.4,7.4164,-0.24445
13.405,7.9521,-0.24507
13.41,8.4834,-0.24514
13.415,9.01,-0.24474
13.42,9.5315,-0.24628
13.425,10.048,-0.24383
13.43,10.559,-0.24395
13.435,11.063,-0.24569
13.44,11.562,-0.24603
13.445,12.054,-0.24502
13.45,12.54,-0.24376
13.455,13.019,-0.24285
13.46,13.49,-0.24289
13.465,13.954,-0.247
13.47,14.41,-0.2435
13.475,14.858,-0.2483
13.48,15.298,-0.24585
13.485,15.73,-0.24446
13.49,16.152,-0.24285
13.495,16.566,-0.24272
13.5,16.971,-0.24252
13.505,17.366,-0.24047
13.51,17.751,-0.24153
13.515,18.127,-0.24005
13.52,18.492,-0.24115
13.525,18.848,-0.24206
13.53,19.192,-0.2421
13.535,19.527,-0.23815
13.54,19.85,-0.24019
13.545,20.162,-0.23845
13.55,20.463,-0.23878
13.555,20.753,-0.23915
13.56,21.031,-0.23725
13.565,21.298,-0.23878
13.57,21.553,-0.2357
13.575,21.795,-0.23471
13.58,22.026,-0.23345
13.585,22.245,-0.2347
13.59,22.451,-0.23384
13.595,22.644,-0.23359
13.6,22.825,-0.2358
13.605,22.994,-0.23397
13.61,23.149,-0.23267
13.615,23.292,-0.23451
13.62,23.422,-0.23262
13.625,23.539,-0.23389
13.63,23.643,-0.23164
13.635,23.733,-0.23038
13.64,23.811,-0.22969
13.645,23.875,-0.22863
13.65,23.926,-0.22764
13.655,23.964,-0.22889
13.66,23.988,-0.22658
13.665,23.999,-0.22592
13.67,23.997,-0.22715
13.675,23.981,-0.2262
13.68,23.953,-0.22444
13.685,23.91,-0.22534
13.69,23.855,-0.22577
13.695,23.786,-0.22488
13.7,23.705,-0.22451
13.705,23.609,-0.22461
13.71,23.501,-0.22056
13.715,23.38,-0.22497
13.72,23.246,-0.22142
13.725,23.099,-0.22052
13.73,22.939,-0.21984
13.735,22.766,-0.2199
13.74,22.581,-0.22131
13.745,22.383,-0.21927
13.75,22.173,-0.21943
13.755,21.951,-0.2163
13.76,21.716,-0.21737
13.765,21.469,-0.21551
13.77,21.21,-0.21577
13.775,20.94,-0.21597
13.78,20.658,-0.21569
13.785,20.364,-0.21613
13.79,20.059,-0.21471
13.795,19.743,-0.2139
13.8,19.416,-0.21263
13.805,19.079,-0.21132
13.81,18.73,-0.21108
13.815,18.372,-0.20963
13.82,18.003,-0.21035
13.825,17.624,-0.20839
13.83,17.235,-0.20971
13.835,16.837,-0.20939
13.84,16.429,-0.20726
13.845,16.012,-0.20753
13.85,15.587,-0.20735
13.855,15.152,-0.20778
13.86,14.71,-0.20689
13.865,14.259,-0.20754
13.87,13.8,-0.20609
13.875,13.334,-0.20509
13.88,12.86,-0.20258
13.885,12.379,-0.20524
13.89,11.891,-0.20482
13.895,11.397,-0.20347
13.9,10.896,-0.20322
13.905,10.389,-0.20307
13.91,9.8763,-0.20257
13.915,9.3583,-0.20547
13.92,8.835,-0.2001
13.925,8.3068,-0.20083
13.93,7.774,-0.20208
13.935,7.2369,-0.20214
13.94,6.6958,-0.20191
13.945,6.1509,-0.20313
13.95,5.6027,-0.20072
13.955,5.0513,-0.19832
13.96,4.4972,-0.20222
13.965,3.9405,-0.20227
13.97,3.3816,-0.19948
13.975,2.8209,-0.20127
13.98,2.2586,-0.19949
13.985,1.695,-0.20002
13.99,1.1306,-0.19808
13.995,0.56543,-0.19923
14,-2.3543e-14,-0.19827
14.005,24,-0.1977
14.01,24,-0.19759
14.015,24,-0.19729
14.02,24,-0.19823
14.025,24,-0.20123
14.03,24,-0.19686
14.035,24,-0.19831
14.04,24,-0.19576
14.045,24,-0.19818
14.05,24,-0.19425
14.055,24,-0.19673
14.06,24,-0.19593
14.065,24,-0.1939
14.07,24,-0.19052
14.075,24,-0.19498
14.08,24,-0.19039
14.085,24,-0.19184
14.09,24,-0.19341
14.095,24,-0.19042
14.1,24,-0.19071
14.105,24,-0.19122
14.11,24,-0.19064
14.115,24,-0.19253
14.12,24,-0.18915
14.125,24,-0.18757
14.13,24,-0.18742
14.135,24,-0.18776
14.14,24,-0.18511
14.145,24,-0.18675
14.15,24,-0.18467
14.155,24,-0.18677
14.16,24,-0.18476
14.165,24,-0.18347
14.17,24,-0.18225
14.175,24,-0.18271
14.18,24,-0.18168
14.185,24,-0.17974
14.19,24,-0.17918
14.195,24,-0.18132
14.2,24,-0.17955
14.205,24,-0.17701
14.21,24,-0.1785
14.215,24,-0.17813
14.22,24,-0.17547
14.225,24,-0.17569
14.23,24,-0.17743
14.235,24,-0.17587
14.24,24,-0.17698
14.245,24,-0.17509
14.25,24,-0.17279
14.255,24,-0.17549
14.26,24,-0.17145
14.265,24,-0.17298
14.27,24,-0.17287
14.275,24,-0.17235
14.28,24,-0.17386
14.285,24,-0.17023
14.29,24,-0.17123
14.295,24,-0.17144
14.3,24,-0.16835
14.305,24,-0.16865
14.31,24,-0.16778
14.315,24,-0.16642
14.32,24,-0.16578
14.325,24,-0.16597
14.33,24,-0.16529
14.335,24,-0.16488
14.34,24,-0.16409
14.345,24,-0.16453
14.35,24,-0.16451
14.355,24,-0.16365
14.36,24,-0.16059
14.365,24,-0.16079
14.37,24,-0.15887
14.375,24,-0.15787
14.38,24,-0.16021
14.385,24,-0.16007
14.39,24,-0.16069
14.395,24,-0.15764
14.4,24,-0.1557
14.405,24,-0.15391
14.41,24,-0.15546
14.415,24,-0.1557
14.42,24,-0.15409
14.425,24,-0.15507
14.43,24,-0.15312
14.435,24,-0.1528
14.44,24,-0.15395
14.445,24,-0.15202
14.45,24,-0.15024
14.455,24,-0.14822
14.46,24,-0.14895
14.465,24,-0.14628
14.47,24,-0.14965
14.475,24,-0.14775
14.48,24,-0.1477
14.485,24,-0.14665
14.49,24,-0.1479
14.495,24,-0.14586
14.5,24,-0.1456
14.505,24,-0.14511
14.51,24,-0.14451
14.515,24,-0.14377
14.52,24,-0.14279
14.525,24,-0.14028
14.53,24,-0.14221
14.535,24,-0.14107
14.54,24,-0.14295
14.545,24,-0.13962
14.55,24,-0.1392
14.555,24,-0.13971
14.56,24,-0.13761
14.565,24,-0.13801
14.57,24,-0.13741
14.575,24,-0.13811
14.58,24,-0.13452
14.585,24,-0.13664
14.59,24,-0.13452
14.595,24,-0.13392
14.6,24,-0.13244
14.605,24,-0.13183
14.61,24,-0.13439
14.615,24,-0.12984
14.62,24,-0.13034
14.625,24,-0.13204
14.63,24,-0.13152
14.635,24,-0.13007
14.64,24,-0.12968
14.645,24,-0.12684
14.65,24,-0.12618
14.655,24,-0.12681
14.66,24,-0.12501
14.665,24,-0.12581
14.67,24,-0.1234
14.675,24,-0.12298
14.68,24,-0.12613
14.685,24,-0.12239
14.69,24,-0.12252
14.695,24,-0.12282
14.7,24,-0.12064
14.705,24,-0.122
14.71,24,-0.12159
14.715,24,-0.11931
14.72,24,-0.11974
14.725,24,-0.11886
14.73,24,-0.1167
14.735,24,-0.11859
14.74,24,-0.1169
14.745,24,-0.11553
14.75,24,-0.11785
14.755,24,-0.11537
14.76,24,-0.11519
14.765,24,-0.11367
14.77,24,-0.11339
14.775,24,-0.11315
14.78,24,-0.11385
14.785,24,-0.11065
14.79,24,-0.10922
14.795,24,-0.11014
14.8,24,-0.10903
14.805,24,-0.10964
14.81,24,-0.10973
14.815,24,-0.10828
14.82,24,-0.1103
14.825,24,-0.1049
14.83,24,-0.10542
14.835,24,-0.10898
14.84,24,-0.10762
14.845,24,-0.10421
14.85,24,-0.10473
14.855,24,-0.10395
14.86,24,-0.10573
14.865,24,-0.10256
14.87,24,-0.1019
14.875,24,-0.10063
14.88,24,-0.10321
14.885,24,-0.098895
14.89,24,-0.10144
14.895,24,-0.099173
14.9,24,-0.096413
14.905,24,-0.096109
14.91,24,-0.09694
14.915,24,-0.095349
14.92,24,-0.09809
14.925,24,-0.094544
14.93,24,-0.093829
14.935,24,-0.096163
14.94,24,-0.09383
14.945,24,-0.089171
14.95,24,-0.091435
14.955,24,-0.09043
14.96,24,-0.090806
14.965,24,-0.092873
14.97,24,-0.093404
14.975,24,-0.090095
14.98,24,-0.090918
14.985,24,-0.09098
14.99,24,-0.088441
14.995,24,-0.087004
15,24,-0.083692
15.005,24,-0.087181
15.01,24,-0.085775
15.015,24,-0.081418
15.02,24,-0.086305
15.025,24,-0.083789
15.03,24,-0.083988
15.035,24,-0.081032
15.04,24,-0.08226
15.045,24,-0.07994
15.05,24,-0.080649
15.055,24,-0.079549
15.06,24,-0.082614
15.065,24,-0.080625
15.07,24,-0.080929
15.075,24,-0.080631
15.08,24,-0.076416
15.085,24,-0.075636
15.09,24,-0.076827
15.095,24,-0.077527
15.1,24,-0.073894
15.105,24,-0.072143
15.11,24,-0.073244
15.115,24,-0.074952
15.12,24,-0.073812
15.125,24,-0.071503
15.13,24,-0.071884
15.135,24,-0.069857
15.14,24,-0.072289
15.145,24,-0.067931
15.15,24,-0.070087
15.155,24,-0.070141
15.16,24,-0.070256
15.165,24,-0.066629
15.17,24,-0.067837
15.175,24,-0.067163
15.18,24,-0.066737
15.185,24,-0.06715
15.19,24,-0.066073
15.195,24,-0.064608
15.2,24,-0.060595
15.205,24,-0.063833
15.21,24,-0.06149
15.215,24,-0.06352
15.22,24,-0.060217
15.225,24,-0.059602
15.23,24,-0.059292
15.235,24,-0.059228
15.24,24,-0.061942
15.245,24,-0.058836
15.25,24,-0.057141
15.255,24,-0.060177
15.26,24,-0.057511
15.265,24,-0.054505
15.27,24,-0.05567
15.275,24,-0.053106
15.28,24,-0.055067
15.285,24,-0.052121
15.29,24,-0.053159
15.295,24,-0.051801
15.3,24,-0.0544
15.305,24,-0.053876
15.31,24,-0.050344
15.315,24,-0.051034
15.32,24,-0.052653
15.325,24,-0.050014
15.33,24,-0.049288
15.335,24,-0.049456
15.34,24,-0.049463
15.345,24,-0.04668
15.35,24,-0.045929
15.355,24,-0.047055
15.36,24,-0.043285
15.365,24,-0.045421
15.37,24,-0.047081
15.375,24,-0.043495
15.38,24,-0.041728
15.385,24,-0.045214
15.39,24,-0.038971
15.395,24,-0.041643
15.4,24,-0.041861
15.405,24,-0.03962
15.41,24,-0.040274
15.415,24,-0.03746
15.42,24,-0.036312
15.425,24,-0.037067
15.43,24,-0.037151
15.435,24,-0.039117
15.44,24,-0.037127
15.445,24,-0.035368
15.45,24,-0.037818
15.455,24,-0.035821
15.46,24,-0.033435
15.465,24,-0.034927
15.47,24,-0.033655
15.475,24,-0.031466
15.48,24,-0.031053
15.485,24,-0.030579
15.49,24,-0.026515
15.495,24,-0.028589
15.5,24,-0.030034
15.505,24,-0.028361
15.51,24,-0.026113
15.515,24,-0.02456
15.52,24,-0.025666
15.525,24,-0.027279
15.53,24,-0.024503
15.535,24,-0.024098
15.54,24,-0.023582
15.545,24,-0.02387
15.55,24,-0.023536
15.555,24,-0.022483
15.56,24,-0.022946
15.565,24,-0.020576
15.57,24,-0.020963
15.575,24,-0.018309
15.58,24,-0.018607
15.585,24,-0.018806
15.59,24,-0.016567
15.595,24,-0.016682
15.6,24,-0.016893
15.605,24,-0.018189
15.61,24,-0.014243
15.615,24,-0.015851
15.62,24,-0.015609
15.625,24,-0.014455
15.63,24,-0.012317
15.635,24,-0.013162
15.64,24,-0.014464
15.645,24,-0.0126
15.65,24,-0.012807
15.655,24,-0.011425
15.66,24,-0.012314
15.665,24,-0.0093223
15.67,24,-0.0097926
15.675,24,-0.010021
15.68,24,-0.0089861
15.685,24,-0.005628
15.69,24,-0.0087457
15.695,24,-0.0056435
15.7,24,-0.0055385
15.705,24,-0.0070018
15.71,24,-0.0045707
15.715,24,-0.0054383
15.72,24,-0.0022159
15.725,24,-0.0020622
15.73,24,-0.0024841
15.735,24,-0.0032118
15.74,24,-0.0019272
15.745,24,-0.001314
15.75,24,0.00053184
15.755,24,0.0024637
15.76,24,0.0023129
15.765,24,0.0010878
15.77,24,-0.00048845
15.775,24,0.0018128
15.78,24,0.0040262
15.785,24,0.0024861
15.79,24,0.0046506
15.795,24,0.0074478
15.8,24,0.0082577
15.805,24,0.0066638
15.81,24,0.0096353
15.815,24,0.0084159
15.82,24,0.0092051
15.825,24,0.0095572
15.83,24,0.0085633
15.835,24,0.010177
15.84,24,0.011241
15.845,24,0.012823
15.85,24,0.0077681
15.855,24,0.010925
15.86,24,0.014866
15.865,24,0.014345
15.87,24,0.014274
15.875,24,0.015312
15.88,24,0.016884
15.885,24,0.014271
15.89,24,0.016886
15.895,24,0.014029
15.9,24,0.017629
15.905,24,0.018156
15.91,24,0.020482
15.915,24,0.01807
15.92,24,0.020571
15.925,24,0.021767
15.93,24,0.019854
15.935,24,0.021962
15.94,24,0.022149
15.945,24,0.022395
15.95,24,0.022489
15.955,24,0.022824
15.96,24,0.022646
15.965,24,0.024283
15.97,24,0.024164
15.975,24,0.02607
15.98,24,0.029068
15.985,24,0.026856
15.99,24,0.029339
15.995,24,0.029194
16,24,0.031068
16.005,24,0.029613
16.01,24,0.030054
16.015,24,0.030557
16.02,24,0.029538
16.025,24,0.034994
16.03,24,0.030385
16.035,24,0.03292
16.04,24,0.033137
16.045,24,0.034378
16.05,24,0.032701
16.055,24,0.036596
16.06,24,0.035944
16.065,24,0.036246
16.07,24,0.039303
16.075,24,0.038763
16.08,24,0.04091
16.085,24,0.040884
16.09,24,0.038672
16.095,24,0.039689
16.1,24,0.042525
16.105,24,0.040609
16.11,24,0.041702
16.115,24,0.041722
16.12,24,0.043602
16.125,24,0.045169
16.13,24,0.043224
16.135,24,0.043965
16.14,24,0.046729
16.145,24,0.048444
16.15,24,0.047888
16.155,24,0.044981
16.16,24,0.047518
16.165,24,0.048673
16.17,24,0.048891
16.175,24,0.048569
16.18,24,0.047309
16.185,24,0.052334
16.19,24,0.052696
16.195,24,0.05277
16.2,24,0.051698
16.205,24,0.050874
16.21,24,0.054302
16.215,24,0.052715
16.22,24,0.054228
16.225,24,0.057043
16.23,24,0.057191
16.235,24,0.055835
16.24,24,0.057459
16.245,24,0.056496
16.25,24,0.056895
16.255,24,0.058354
16.26,24,0.057302
16.265,24,0.062645
16.27,24,0.061149
16.275,24,0.05983
16.28,24,0.061544
16.285,24,0.063576
16.29,24,0.062455
16.295,24,0.062951
16.3,24,0.065043
16.305,24,0.066672
16.31,24,0.066341
16.315,24,0.065822
16.32,24,0.066995
16.325,24,0.066814
16.33,24,0.066688
16.335,24,0.066953
16.34,24,0.067343
16.345,24,0.067831
16.35,24,0.069699
16.355,24,0.06788
16.36,24,0.070651
16.365,24,0.069154
16.37,24,0.071602
16.375,24,0.071205
16.38,24,0.073384
16.385,24,0.075206
16.39,24,0.071807
16.395,24,0.073784
16.4,24,0.074365
16.405,24,0.075378
16.41,24,0.076358
16.415,24,0.075836
16.42,24,0.077426
16.425,24,0.079881
16.43,24,0.079187
16.435,24,0.078803
16.44,24,0.080591
16.445,24,0.081529
16.45,24,0.078629
16.455,24,0.081612
16.46,24,0.085435
16.465,24,0.083121
16.47,24,0.083878
16.475,24,0.086561
16.48,24,0.08297
16.485,24,0.086637
16.49,24,0.085477
16.495,24,0.086891
16.5,24,0.088003
16.505,24,0.087368
16.51,24,0.087307
16.515,24,0.089804
16.52,24,0.089237
16.525,24,0.090165
16.53,24,0.091478
16.535,24,0.092515
16.54,24,0.091372
16.545,24,0.090865
16.55,24,0.093544
16.555,24,0.095452
16.56,24,0.093136
16.565,24,0.095396
16.57,24,0.097349
16.575,24,0.095699
16.58,24,0.096884
16.585,24,0.096804
16.59,24,0.096163
16.595,24,0.096929
16.6,24,0.096865
16.605,24,0.099039
16.61,24,0.10258
16.615,24,0.1008
16.62,24,0.10348
16.625,24,0.10027
16.63,24,0.10145
16.635,24,0.10538
16.64,24,0.10132
16.645,24,0.10198
16.65,24,0.10751
16.655,24,0.10657
16.66,24,0.10603
16.665,24,0.10635
16.67,24,0.10851
16.675,24,0.10839
16.68,24,0.10913
16.685,24,0.11073
16.69,24,0.11109
16.695,24,0.1101
16.7,24,0.1083
16.705,24,0.11296
16.71,24,0.10998
16.715,24,0.10832
16.72,24,0.11321
16.725,24,0.11345
16.73,24,0.11292
16.735,24,0.11461
16.74,24,0.11704
16.745,24,0.11606
16.75,24,0.1157
16.755,24,0.11687
16.76,24,0.1148
16.765,24,0.11564
16.77,24,0.11685
16.775,24,0.11731
16.78,24,0.12292
16.785,24,0.12105
16.79,24,0.12225
16.795,24,0.12092
16.8,24,0.12084
16.805,24,0.12371
16.81,24,0.12371
16.815,24,0.12304
16.82,24,0.12157
16.825,24,0.12797
16.83,24,0.12845
16.835,24,0.12439
16.84,24,0.12845
16.845,24,0.12672
16.85,24,0.12681
16.855,24,0.12676
16.86,24,0.12821
16.865,24,0.12973
16.87,24,0.12791
16.875,24,0.13081
16.88,24,0.12892
16.885,24,0.13155
16.89,24,0.13095
16.895,24,0.13485
16.9,24,0.13249
16.905,24,0.13379
16.91,24,0.13535
16.915,24,0.13498
16.92,24,0.135
16.925,24,0.1338
16.93,24,0.13644
16.935,24,0.13932
16.94,24,0.13882
16.945,24,0.13703
16.95,24,0.14078
16.955,24,0.13972
16.96,24,0.14162
16.965,24,0.14132
16.97,24,0.13819
16.975,24,0.14065
16.98,24,0.14523
16.985,24,0.14313
16.99,24,0.14308
16.995,24,0.14498
17,24,0.14602
17.005,24,0.14465
17.01,24,0.14678
17.015,24,0.145
17.02,24,0.14645
17.025,24,0.14712
17.03,24,0.14892
17.035,24,0.1521
17.04,24,0.1507
17.045,24,0.14901
17.05,24,0.14844
17.055,24,0.15037
17.06,24,0.15436
17.065,24,0.15349
17.07,24,0.15165
17.075,24,0.15586
17.08,24,0.15318
17.085,24,0.15497
17.09,24,0.15455
17.095,24,0.15617
17.1,24,0.15574
17.105,24,0.15624
17.11,24,0.15682
17.115,24,0.16156
17.12,24,0.15608
17.125,24,0.16121
17.13,24,0.15956
17.135,24,0.16166
17.14,24,0.16296
17.145,24,0.15979
17.15,24,0.16368
17.155,24,0.16277
17.16,24,0.16219
17.165,24,0.16427
17.17,24,0.16476
17.175,24,0.16594
17.18,24,0.16666
17.185,24,0.16618
17.19,24,0.16834
17.195,24,0.16826
17.2,24,0.17029
17.205,24,0.1711
17.21,24,0.1688
17.215,24,0.16971
17.22,24,0.17231
17.225,24,0.17432
17.23,24,0.17381
17.235,24,0.17244
17.24,24,0.17334
17.245,24,0.17602
17.25,24,0.1725
17.255,24,0.1744
17.26,24,0.17416
17.265,24,0.17802
17.27,24,0.17463
17.275,24,0.17631
17.28,24,0.17776
17.285,24,0.17874
17.29,24,0.17823
17.295,24,0.17789
17.3,24,0.17949
17.305,24,0.18008
17.31,24,0.17937
17.315,24,0.17973
17.32,24,0.18262
17.325,24,0.18394
17.33,24,0.18427
17.335,24,0.18405
17.34,24,0.1837
17.345,24,0.18273
17.35,24,0.18428
17.355,24,0.18545
17.36,24,0.18651
17.365,24,0.1879
17.37,24,0.18845
17.375,24,0.18993
17.38,24,0.18979
17.385,24,0.18776
17.39,24,0.19161
17.395,24,0.1894
17.4,24,0.19088
17.405,24,0.19106
17.41,24,0.19369
17.415,24,0.19068
17.42,24,0.19479
17.425,24,0.19336
17.43,24,0.19375
17.435,24,0.19362
17.44,24,0.19494
17.445,24,0.19492
17.45,24,0.19598
17.455,24,0.19969
17.46,24,0.19822
17.465,24,0.19749
17.47,24,0.20143
17.475,24,0.20115
17.48,24,0.20139
17.485,24,0.20058
17.49,24,0.20299
17.495,24,0.20159
17.5,24,0.20197
17.505,24,0.20282
17.51,24,0.20362
17.515,24,0.20568
17.52,24,0.20683
17.525,24,0.20305
17.53,24,0.20594
17.535,24,0.20505
17.54,24,0.2096
17.545,24,0.21079
17.55,24,0.20799
17.555,24,0.21085
17.56,24,0.21096
17.565,24,0.21129
17.57,24,0.21268
17.575,24,0.213
17.58,24,0.21281
17.585,24,0.21194
17.59,24,0.2159
17.595,24,0.21271
17.6,24,0.21467
17.605,24,0.21486
17.61,24,0.21747
17.615,24,0.21833
17.62,24,0.21908
17.625,24,0.21983
17.63,24,0.21617
17.635,24,0.21943
17.64,24,0.21948
17.645,24,0.2191
17.65,24,0.2209
17.655,24,0.22074
17.66,24,0.21993
17.665,24,0.22116
17.67,24,0.2215
17.675,24,0.22218
17.68,24,0.22391
17.685,24,0.22499
17.69,24,0.2238
17.695,24,0.22353
17.7,24,0.22485
17.705,24,0.22793
17.71,24,0.22889
17.715,24,0.22604
17.72,24,0.22928
17.725,24,0.22866
17.73,24,0.22852
17.735,24,0.23092
17.74,24,0.22899
17.745,24,0.22959
17.75,24,0.23166
17.755,24,0.22934
17.76,24,0.23218
17.765,24,0.23196
17.77,24,0.23188
17.775,24,0.23381
17.78,24,0.23578
17.785,24,0.23582
17.79,24,0.24017
17.795,24,0.2372
17.8,24,0.2367
17.805,24,0.23968
17.81,24,0.24013
17.815,24,0.23836
17.82,24,0.24018
17.825,24,0.23918
17.83,24,0.24096
17.835,24,0.24162
17.84,24,0.24584
17.845,24,0.24428
17.85,24,0.24207
17.855,24,0.24225
17.86,24,0.24393
17.865,24,0.2461
17.87,24,0.24897
17.875,24,0.24582
17.88,24,0.24707
17.885,24,0.24553
17.89,24,0.2503
17.895,24,0.24996
17.9,24,0.25097
17.905,24,0.25133
17.91,24,0.24768
17.915,24,0.25308
17.92,24,0.25188
17.925,24,0.25163
17.93,24,0.25245
17.935,24,0.25535
17.94,24,0.25715
17.945,24,0.2564
17.95,24,0.25818
17.955,24,0.25523
17.96,24,0.25433
17.965,24,0.25661
17.97,24,0.25616
17.975,24,0.2567
17.98,24,0.25838
17.985,24,0.25728
17.99,24,0.25875
17.995,24,0.26052
18,24,0.26143
18.005,1.1306,0.26066
18.01,2.2586,0.262
18.015,3.3816,0.26285
18.02,4.4972,0.26281
18.025,5.6027,0.26482
18.03,6.6958,0.2628
18.035,7.774,0.2652
18.04,8.835,0.26712
18.045,9.8763,0.2677
18.05,10.896,0.26472
18.055,11.891,0.26657
18.06,12.86,0.26466
18.065,13.8,0.26713
18.07,14.71,0.26423
18.075,15.587,0.26446
18.08,16.429,0.26599
18.085,17.235,0.26494
18.09,18.003,0.26877
18.095,18.73,0.26847
18.1,19.416,0.2702
18.105,20.059,0.26954
18.11,20.658,0.27044
18.115,21.21,0.26837
18.12,21.716,0.27155
18.125,22.173,0.27062
18.13,22.581,0.2701
18.135,22.939,0.27323
18.14,23.246,0.27309
18.145,23.501,0.27215
18.15,23.705,0.27332
18.155,23.855,0.27282
18.16,23.953,0.27261
18.165,23.997,0.27469
18.17,23.988,0.27448
18.175,23.926,0.27482
18.18,23.811,0.27647
18.185,23.643,0.27574
18.19,23.422,0.2765
18.195,23.149,0.28002
18.2,22.825,0.27465
18.205,22.451,0.27746
18.21,22.026,0.27724
18.215,21.553,0.28274
18.22,21.031,0.27984
18.225,20.463,0.28322
18.23,19.85,0.28157
18.235,19.192,0.28192
18.24,18.492,0.28059
18.245,17.751,0.28126
18.25,16.971,0.28327
18.255,16.152,0.28294
18.26,15.298,0.28746
18.265,14.41,0.28313
18.27,13.49,0.28739
18.275,12.54,0.2864
18.28,11.562,0.28568
18.285,10.559,0.28507
18.29,9.5315,0.2859
18.295,8.4834,0.2864
18.3,7.4164,0.28576
18.305,6.333,0.29043
18.31,5.2354,0.28725
18.315,4.1263,0.28696
18.32,3.008,0.2891
18.325,1.883,0.28938
18.33,0.75386,0.28752
18.335,-0.37698,0.28911
18.34,-1.507,0.29039
18.345,-2.6336,0.29214
18.35,-3.7544,0.28984
18.355,-4.8669,0.29188
18.36,-5.9686,0.28818
18.365,-7.057,0.29008
18.37,-8.1297,0.291
18.375,-9.1844,0.28715
18.38,-10.219,0.29112
18.385,-11.23,0.28983
18.39,-12.217,0.28906
18.395,-13.177,0.29242
18.4,-14.107,0.29101
18.405,-15.006,0.28932
18.41,-15.871,0.28975
18.415,-16.702,0.28798
18.42,-17.495,0.28837
18.425,-18.25,0.29179
18.43,-18.964,0.29251
18.435,-19.636,0.29038
18.44,-20.264,0.28786
18.445,-20.847,0.28918
18.45,-21.384,0.28753
18.455,-21.874,0.28695
18.46,-22.315,0.28913
18.465,-22.706,0.29026
18.47,-23.047,0.28728
18.475,-23.337,0.28793
18.48,-23.575,0.28499
18.485,-23.761,0.28519
18.49,-23.893,0.28463
18.495,-23.973,0.28666
18.5,-24,0.28352
18.505,-23.973,0.28373
18.51,-23.893,0.2841
18.515,-23.761,0.28204
18.52,-23.575,0.28078
18.525,-23.337,0.28132
18.53,-23.047,0.28005
18.535,-22.706,0.27978
18.54,-22.315,0.28138
18.545,-21.874,0.27937
18.55,-21.384,0.28023
18.555,-20.847,0.27643
18.56,-20.264,0.27779
18.565,-19.636,0.27555
18.57,-18.964,0.27687
18.575,-18.25,0.27461
18.58,-17.495,0.27635
18.585,-16.702,0.27661
18.59,-15.871,0.27423
18.595,-15.006,0.27464
18.6,-14.107,0.2752
18.605,-13.177,0.27444
18.61,-12.217,0.27308
18.615,-11.23,0.2701
18.62,-10.219,0.27149
18.625,-9.1844,0.26878
18.63,-8.1297,0.27082
18.635,-7.057,0.27234
18.64,-5.9686,0.27139
18.645,-4.8669,0.27399
18.65,-3.7544,0.26975
18.655,-2.6336,0.27082
18.66,-1.507,0.26966
18.665,-0.37698,0.26785
18.67,0.75386,0.26908
18.675,1.883,0.26798
18.68,3.008,0.26729
18.685,4.1263,0.26762
18.69,5.2354,0.2681
18.695,6.333,0.27226
18.7,7.4164,0.26743
18.705,8.4834,0.26714
18.71,9.5315,0.26707
18.715,10.559,0.26815
18.72,11.562,0.2699
18.725,12.54,0.26649
18.73,13.49,0.26462
18.735,14.41,0.26828
18.74,15.298,0.27003
18.745,16.152,0.26506
18.75,16.971,0.27001
18.755,17.751,0.27093
18.76,18.492,0.26954
18.765,19.192,0.26658
18.77,19.85,0.26981
18.775,20.463,0.27092
18.78,21.031,0.27162
18.785,21.553,0.27177
18.79,22.026,0.27215
18.795,22.451,0.27311
18.8,22.825,0.27
18.805,23.149,0.27375
18.81,23.422,0.26998
18.815,23.643,0.27313
18.82,23.811,0.27399
18.825,23.926,0.2756
18.83,23.988,0.27296
18.835,23.997,0.27519
18.84,23.953,0.27741
18.845,23.855,0.2765
18.85,23.705,0.27755
18.855,23.501,0.27689
18.86,23.246,0.27656
18.865,22.939,0.2795
18.87,22.581,0.27942
18.875,22.173,0.28068
18.88,21.716,0.2789
18.885,21.21,0.2802
18.89,20.658,0.28221
18.895,20.059,0.27958
18.9,19.416,0.28255
18.905,18.73,0.28293
18.91,18.003,0.28506
18.915,17.235,0.28619
18.92,16.429,0.2857
18.925,15.587,0.28254
18.93,14.71,0.28225
18.935,13.8,0.28316
18.94,12.86,0.28672
18.945,11.891,0.28527
18.95,10.896,0.28489
18.955,9.8763,0.28662
18.96,8.835,0.28714
18.965,7.774,0.28563
18.97,6.6958,0.28807
18.975,5.6027,0.28674
18.98,4.4972,0.28744
18.985,3.3816,0.29035
18.99,2.2586,0.28847
18.995,1.1306,0.28848
19,4.2333e-13,0.29201
19.005,-1.1306,0.29151
19.01,-2.2586,0.29081
19.015,-3.3816,0.29079
19.02,-4.4972,0.2891
19.025,-5.6027,0.28955
19.03,-6.6958,0.29184
19.035,-7.774,0.29082
19.04,-8.835,0.28996
19.045,-9.8763,0.29389
19.05,-10.896,0.28989
19.055,-11.891,0.28974
19.06,-12.86,0.28994
19.065,-13.8,0.28702
19.07,-14.71,0.29128
19.075,-15.587,0.29194
19.08,-16.429,0.291
19.085,-17.235,0.28822
19.09,-18.003,0.28795
19.095,-18.73,0.29089
19.1,-19.416,0.28838
19.105,-20.059,0.29079
19.11,-20.658,0.28707
19.115,-21.21,0.28926
19.12,-21.716,0.28667
19.125,-22.173,0.28696
19.13,-22.581,0.28638
19.135,-22.939,0.28888
19.14,-23.246,0.2878
19.145,-23.501,0.28647
19.15,-23.705,0.28767
19.155,-23.855,0.28385
19.16,-23.953,0.28225
19.165,-23.997,0.285
19.17,-23.988,0.28395
19.175,-23.926,0.28347
19.18,-23.811,0.28147
19.185,-23.643,0.28341
19.19,-23.422,0.28258
19.195,-23.149,0.27932
19.2,-22.825,0.28071
19.205,-22.451,0.28206
19.21,-22.026,0.27957
19.215,-21.553,0.28222
19.22,-21.031,0.27875
19.225,-20.463,0.27775
19.23,-19.85,0.27566
19.235,-19.192,0.27709
19.24,-18.492,0.27744
19.245,-17.751,0.27886
19.25,-16.971,0.27431
19.255,-16.152,0.27472
19.26,-15.298,0.27466
19.265,-14.41,0.27458
19.27,-13.49,0.27425
19.275,-12.54,0.27538
19.28,-11.562,0.27379
19.285,-10.559,0.27146
19.29,-9.5315,0.2755
19.295,-8.4834,0.27068
19.3,-7.4164,0.27178
19.305,-6.333,0.27303
19.31,-5.2354,0.2728
19.315,-4.1263,0.26863
19.32,-3.008,0.26959
19.325,-1.883,0.26842
19.33,-0.75386,0.26912
19.335,0.37698,0.26887
19.34,1.507,0.26699
19.345,2.6336,0.26929
19.35,3.7544,0.2692
19.355,4.8669,0.26814
19.36,5.9686,0.26766
19.365,7.057,0.26774
19.37,8.1297,0.26486
19.375,9.1844,0.2664
19.38,10.219,0.26678
19.385,11.23,0.26839
19.39,12.217,0.26854
19.395,13.177,0.26765
19.4,14.107,0.26925
19.405,15.006,0.26887
19.41,15.871,0.26991
19.415,16.702,0.26874
19.42,17.495,0.26913
19.425,18.25,0.27013
19.43,18.964,0.26948
19.435,19.636,0.2713
19.44,20.264,0.26904
19.445,20.847,0.27096
19.45,21.384,0.27037
19.455,21.874,0.27159
19.46,22.315,0.27004
19.465,22.706,0.27287
19.47,23.047,0.26846
19.475,23.337,0.27144
19.48,23.575,0.27615
19.485,23.761,0.27583
19.49,23.893,0.27391
19.495,23.973,0.27276
19.5,24,0.27388
19.505,23.973,0.27421
19.51,23.893,0.27658
19.515,23.761,0.27872
19.52,23.575,0.27656
19.525,23.337,0.2772
19.53,23.047,0.27757
19.535,22.706,0.28021
19.54,22.315,0.27845
19.545,21.874,0.27988
19.55,21.384,0.27843
19.555,20.847,0.28157
19.56,20.264,0.27913
19.565,19.636,0.28221
19.57,18.964,0.28064
19.575,18.25,0.28725
19.58,17.495,0.28345
19.585,16.702,0.28236
19.59,15.871,0.28377
19.595,15.006,0.28646
19.6,14.107,0.28504
19.605,13.177,0.28314
19.61,12.217,0.28713
19.615,11.23,0.28606
19.62,10.219,0.28536
19.625,9.1844,0.28927
19.63,8.1297,0.28785
19.635,7.057,0.28632
19.64,5.9686,0.29074
19.645,4.8669,0.29025
19.65,3.7544,0.28692
19.655,2.6336,0.28952
19.66,1.507,0.29061
19.665,0.37698,0.28854
19.67,-0.75386,0.29051
19.675,-1.883,0.28992
19.68,-3.008,0.28995
19.685,-4.1263,0.28886
19.69,-5.2354,0.29256
19.695,-6.333,0.29136
19.7,-7.4164,0.29065
19.705,-8.4834,0.29106
19.71,-9.5315,0.29292
19.715,-10.559,0.29044
19.72,-11.562,0.28972
19.725,-12.54,0.29131
19.73,-13.49,0.29199
19.735,-14.41,0.28995
19.74,-15.298,0.28848
19.745,-16.152,0.28768
19.75,-16.971,0.28838
19.755,-17.751,0.29219
19.76,-18.492,0.29115
19.765,-19.192,0.28766
19.77,-19.85,0.28887
19.775,-20.463,0.28933
19.78,-21.031,0.28757
19.785,-21.553,0.28873
19.79,-22.026,0.28681
19.795,-22.451,0.28585
19.8,-22.825,0.2857
19.805,-23.149,0.28765
19.81,-23.422,0.28567
19.815,-23.643,0.28531
19.82,-23.811,0.28538
19.825,-23.926,0.28352
19.83,-23.988,0.2837
19.835,-23.997,0.28501
19.84,-23.953,0.28502
19.845,-23.855,0.28298
19.85,-23.705,0.28286
19.855,-23.501,0.28084
19.86,-23.246,0.28076
19.865,-22.939,0.28034
19.87,-22.581,0.28121
19.875,-22.173,0.27952
19.88,-21.716,0.28107
19.885,-21.21,0.27729
19.89,-20.658,0.27874
19.895,-20.059,0.27679
19.9,-19.416,0.27728
19.905,-18.73,0.2769
19.91,-18.003,0.27298
19.915,-17.235,0.27538
19.92,-16.429,0.27416
19.925,-15.587,0.27766
19.93,-14.71,0.2758
19.935,-13.8,0.27351
19.94,-12.86,0.27244
19.945,-11.891,0.27254
19.95,-10.896,0.2728
19.955,-9.8763,0.27356
19.96,-8.835,0.2715
19.965,-7.774,0.27252
19.97,-6.6958,0.27046
19.975,-5.6027,0.2723
19.98,-4.4972,0.26958
19.985,-3.3816,0.26828
19.99,-2.2586,0.27138
19.995,-1.1306,0.27081
20,-5.1741e-13,0.2684
