t,volt,pos
0,0,0
0.005,0.56543,0
0.01,1.1306,6.9857e-07
0.015,1.695,3.4443e-06
0.02,2.2586,9.4448e-06
0.025,2.8209,1.978e-05
0.03,3.3816,3.5416e-05
0.035,3.9405,5.7212e-05
0.04,4.4972,8.5938e-05
0.045,5.0513,0.00012227
0.05,5.6027,0.00016683
0.055,6.1509,0.00022013
0.06,6.6958,0.00028266
0.065,7.2369,0.00035484
0.07,7.774,0.00043701
0.075,8.3068,0.00052951
0.08,8.835,0.0006326
0.085,9.3583,0.00074651
0.09,9.8763,0.00087145
0.095,10.389,0.0010076
0.1,10.896,0.001155
0.105,11.397,0.0013139
0.11,11.891,0.0014843
0.115,12.379,0.0016662
0.12,12.86,0.0018597
0.125,13.334,0.0020648
0.13,13.8,0.0022816
0.135,14.259,0.0025099
0.14,14.71,0.0027497
0.145,15.152,0.0030011
0.15,15.587,0.0032638
0.155,16.012,0.0035379
0.16,16.429,0.0038232
0.165,16.837,0.0041196
0.17,17.235,0.004427
0.175,17.624,0.0047453
0.18,18.003,0.0050744
0.185,18.372,0.005414
0.19,18.73,0.005764
0.195,19.079,0.0061243
0.2,19.416,0.0064947
0.205,19.743,0.0068749
0.21,20.059,0.0072649
0.215,20.364,0.0076644
0.22,20.658,0.0080731
0.225,20.94,0.008491
0.23,21.21,0.0089177
0.235,21.469,0.009353
0.24,21.716,0.0097968
0.245,21.951,0.010249
0.25,22.173,0.010709
0.255,22.383,0.011176
0.26,22.581,0.011651
0.265,22.766,0.012133
0.27,22.939,0.012622
0.275,23.099,0.013118
0.28,23.246,0.01362
0.285,23.38,0.014128
0.29,23.501,0.014642
0.295,23.609,0.015161
0.3,23.705,0.015686
0.305,23.786,0.016215
0.31,23.855,0.016749
0.315,23.91,0.017288
0.32,23.953,0.017831
0.325,23.981,0.018377
0.33,23.997,0.018927
0.335,23.999,0.01948
0.34,23.988,0.020036
0.345,23.964,0.020594
0.35,23.926,0.021155
0.355,23.875,0.021718
0.36,23.811,0.022282
0.365,23.733,0.022848
0.37,23.643,0.023414
0.375,23.539,0.023981
0.38,23.422,0.024549
0.385,23.292,0.025117
0.39,23.149,0.025684
0.395,22.994,0.026251
0.4,22.825,0.026817
0.405,22.644,0.027381
0.41,22.451,0.027944
0.415,22.245,0.028506
0.42,22.026,0.029065
0.425,21.795,0.029622
0.43,21.553,0.030176
0.435,21.298,0.030726
0.44,21.031,0.031274
0.445,20.753,0.031818
0.45,20.463,0.032357
0.455,20.162,0.032893
0.46,19.85,0.033424
0.465,19.527,0.03395
0.47,19.192,0.034471
0.475,18.848,0.034986
0.48,18.492,0.035496
0.485,18.127,0.036
0.49,17.751,0.036497
0.495,17.366,0.036988
0.5,16.971,0.037472
0.505,16.566,0.037948
0.51,16.152,0.038418
0.515,15.73,0.03888
0.52,15.298,0.039333
0.525,14.858,0.039779
0.53,14.41,0.040216
0.535,13.954,0.040645
0.54,13.49,0.041065
0.545,13.019,0.041475
0.55,12.54,0.041877
0.555,12.054,0.042269
0.56,11.562,0.04265
0.565,11.063,0.043022
0.57,10.559,0.043384
0.575,10.048,0.043735
0.58,9.5315,0.044076
0.585,9.01,0.044406
0.59,8.4834,0.044725
0.595,7.9521,0.045033
0.6,7.4164,0.045329
0.605,6.8766,0.045614
0.61,6.333,0.045888
0.615,5.7858,0.046149
0.62,5.2354,0.046399
0.625,4.6822,0.046636
0.63,4.1263,0.046862
0.635,3.5681,0.047075
0.64,3.008,0.047275
0.645,2.4462,0.047463
0.65,1.883,0.047638
0.655,1.3188,0.047801
0.66,0.75386,0.047951
0.665,0.18849,0.048087
0.67,-0.37698,0.048211
0.675,-0.94224,0.048322
0.68,-1.507,0.048419
0.685,-2.0709,0.048503
0.69,-2.6336,0.048575
0.695,-3.1949,0.048632
0.7,-3.7544,0.048677
0.705,-4.3119,0.048708
0.71,-4.8669,0.048725
0.715,-5.4192,0.04873
0.72,-5.9686,0.048721
0.725,-6.5146,0.048698
0.73,-7.057,0.048663
0.735,-7.5954,0.048614
0.74,-8.1297,0.048551
0.745,-8.6595,0.048475
0.75,-9.1844,0.048387
0.755,-9.7042,0.048284
0.76,-10.219,0.048169
0.765,-10.727,0.048041
0.77,-11.23,0.0479
0.775,-11.727,0.047746
0.78,-12.217,0.047579
0.785,-12.7,0.047399
0.79,-13.177,0.047206
0.795,-13.645,0.047001
0.8,-14.107,0.046784
0.805,-14.56,0.046555
0.81,-15.006,0.046313
0.815,-15.443,0.046059
0.82,-15.871,0.045793
0.825,-16.291,0.045516
0.83,-16.702,0.045227
0.835,-17.103,0.044926
0.84,-17.495,0.044615
0.845,-17.877,0.044292
0.85,-18.25,0.043958
0.855,-18.612,0.043614
0.86,-18.964,0.043259
0.865,-19.305,0.042893
0.87,-19.636,0.042518
0.875,-19.955,0.042132
0.88,-20.264,0.041737
0.885,-20.561,0.041333
0.89,-20.847,0.040919
0.895,-21.122,0.040496
0.9,-21.384,0.040064
0.905,-21.635,0.039624
0.91,-21.874,0.039175
0.915,-22.1,0.038719
0.92,-22.315,0.038254
0.925,-22.517,0.037782
0.93,-22.706,0.037303
0.935,-22.883,0.036817
0.94,-23.047,0.036324
0.945,-23.198,0.035824
0.95,-23.337,0.035318
0.955,-23.462,0.034806
0.96,-23.575,0.034289
0.965,-23.674,0.033766
0.97,-23.761,0.033239
0.975,-23.834,0.032706
0.98,-23.893,0.032169
0.985,-23.94,0.031628
0.99,-23.973,0.031083
0.995,-23.993,0.030534
1,-24,0.029982
1.005,-23.993,0.029427
1.01,-23.973,0.028869
1.015,-23.94,0.02831
1.02,-23.893,0.027748
1.025,-23.834,0.027184
1.03,-23.761,0.026619
1.035,-23.674,0.026053
1.04,-23.575,0.025486
1.045,-23.462,0.024918
1.05,-23.337,0.02435
1.055,-23.198,0.023783
1.06,-23.047,0.023216
1.065,-22.883,0.02265
1.07,-22.706,0.022085
1.075,-22.517,0.021521
1.08,-22.315,0.020959
1.085,-22.1,0.020399
1.09,-21.874,0.019842
1.095,-21.635,0.019287
1.1,-21.384,0.018735
1.105,-21.122,0.018186
1.11,-20.847,0.017641
1.115,-20.561,0.0171
1.12,-20.264,0.016563
1.125,-19.955,0.016031
1.13,-19.636,0.015503
1.135,-19.305,0.01498
1.14,-18.964,0.014463
1.145,-18.612,0.013951
1.15,-18.25,0.013446
1.155,-17.877,0.012946
1.16,-17.495,0.012453
1.165,-17.103,0.011967
1.17,-16.702,0.011488
1.175,-16.291,0.011016
1.18,-15.871,0.010552
1.185,-15.443,0.010095
1.19,-15.006,0.0096466
1.195,-14.56,0.0092065
1.2,-14.107,0.0087749
1.205,-13.645,0.0083522
1.21,-13.177,0.0079385
1.215,-12.7,0.0075341
1.22,-12.217,0.0071391
1.225,-11.727,0.0067539
1.23,-11.23,0.0063786
1.235,-10.727,0.0060135
1.24,-10.219,0.0056587
1.245,-9.7042,0.0053144
1.25,-9.1844,0.0049808
1.255,-8.6595,0.0046582
1.26,-8.1297,0.0043467
1.265,-7.5954,0.0040464
1.27,-7.057,0.0037576
1.275,-6.5146,0.0034803
1.28,-5.9686,0.0032148
1.285,-5.4192,0.0029612
1.29,-4.8669,0.0027196
1.295,-4.3119,0.0024902
1.3,-3.7544,0.0022731
1.305,-3.1949,0.0020684
1.31,-2.6336,0.0018762
1.315,-2.0709,0.0016967
1.32,-1.507,0.0015299
1.325,-0.94224,0.0013759
1.33,-0.37698,0.0012349
1.335,0.18849,0.0011068
1.34,0.75386,0.00099183
1.345,1.3188,0.00088996
1.35,1.883,0.00080127
1.355,2.4462,0.00072582
1.36,3.008,0.00066365
1.365,3.5681,0.00061478
1.37,4.1263,0.00057926
1.375,4.6822,0.00055708
1.38,5.2354,0.00054828
1.385,5.7858,0.00055285
1.39,6.333,0.00057079
1.395,6.8766,0.0006021
1.4,7.4164,0.00064674
1.405,7.9521,0.00070471
1.41,8.4834,0.00077596
1.415,9.01,0.00086046
1.42,9.5315,0.00095816
1.425,10.048,0.001069
1.43,10.559,0.0011929
1.435,11.063,0.0013299
1.44,11.562,0.0014798
1.445,12.054,0.0016425
1.45,12.54,0.001818
1.455,13.019,0.0020062
1.46,13.49,0.002207
1.465,13.954,0.0024202
1.47,14.41,0.0026457
1.475,14.858,0.0028834
1.48,15.298,0.0031332
1.485,15.73,0.003395
1.49,16.152,0.0036685
1.495,16.566,0.0039537
1.5,16.971,0.0042504
1.505,17.366,0.0045584
1.51,17.751,0.0048775
1.515,18.127,0.0052077
1.52,18.492,0.0055486
1.525,18.848,0.0059001
1.53,19.192,0.006262
1.535,19.527,0.0066341
1.54,19.85,0.0070162
1.545,20.162,0.007408
1.55,20.463,0.0078095
1.555,20.753,0.0082203
1.56,21.031,0.0086402
1.565,21.298,0.009069
1.57,21.553,0.0095064
1.575,21.795,0.0099522
1.58,22.026,0.010406
1.585,22.245,0.010868
1.59,22.451,0.011338
1.595,22.644,0.011815
1.6,22.825,0.012299
1.605,22.994,0.012789
1.61,23.149,0.013287
1.615,23.292,0.013791
1.62,23.422,0.0143
1.625,23.539,0.014816
1.63,23.643,0.015337
1.635,23.733,0.015863
1.64,23.811,0.016394
1.645,23.875,0.01693
1.65,23.926,0.01747
1.655,23.964,0.018013
1.66,23.988,0.018561
1.665,23.999,0.019112
1.67,23.997,0.019666
1.675,23.981,0.020223
1.68,23.953,0.020782
1.685,23.91,0.021343
1.69,23.855,0.021906
1.695,23.786,0.022471
1.7,23.705,0.023037
1.705,23.609,0.023604
1.71,23.501,0.024171
1.715,23.38,0.024738
1.72,23.246,0.025306
1.725,23.099,0.025873
1.73,22.939,0.02644
1.735,22.766,0.027005
1.74,22.581,0.027569
1.745,22.383,0.028132
1.75,22.173,0.028692
1.755,21.951,0.029251
1.76,21.716,0.029807
1.765,21.469,0.03036
1.77,21.21,0.030909
1.775,20.94,0.031456
1.78,20.658,0.031998
1.785,20.364,0.032537
1.79,20.059,0.033071
1.795,19.743,0.0336
1.8,19.416,0.034124
1.805,19.079,0.034643
1.81,18.73,0.035157
1.815,18.372,0.035665
1.82,18.003,0.036166
1.825,17.624,0.036661
1.83,17.235,0.03715
1.835,16.837,0.037631
1.84,16.429,0.038106
1.845,16.012,0.038573
1.85,15.587,0.039032
1.855,15.152,0.039483
1.86,14.71,0.039926
1.865,14.259,0.04036
1.87,13.8,0.040786
1.875,13.334,0.041203
1.88,12.86,0.04161
1.885,12.379,0.042008
1.89,11.891,0.042397
1.895,11.397,0.042776
1.9,10.896,0.043144
1.905,10.389,0.043502
1.91,9.8763,0.04385
1.915,9.3583,0.044187
1.92,8.835,0.044514
1.925,8.3068,0.044829
1.93,7.774,0.045133
1.935,7.2369,0.045426
1.94,6.6958,0.045707
1.945,6.1509,0.045976
1.95,5.6027,0.046234
1.955,5.0513,0.046479
1.96,4.4972,0.046713
1.965,3.9405,0.046934
1.97,3.3816,0.047143
1.975,2.8209,0.047339
1.98,2.2586,0.047523
1.985,1.695,0.047694
1.99,1.1306,0.047852
1.995,0.56543,0.047998
2,8.8175e-15,0.04813
2.005,12,0.048249
2.01,12,0.048371
2.015,12,0.04851
2.02,12,0.048665
2.025,12,0.048835
2.03,12,0.049016
2.035,12,0.049209
2.04,12,0.049412
2.045,12,0.049624
2.05,12,0.049845
2.055,12,0.050072
2.06,12,0.050306
2.065,12,0.050546
2.07,12,0.050791
2.075,12,0.051041
2.08,12,0.051295
2.085,12,0.051553
2.09,12,0.051814
2.095,12,0.052078
2.1,12,0.052345
2.105,12,0.052615
2.11,12,0.052886
2.115,12,0.05316
2.12,12,0.053435
2.125,12,0.053712
2.13,12,0.05399
2.135,12,0.054269
2.14,12,0.05455
2.145,12,0.054831
2.15,12,0.055114
2.155,12,0.055397
2.16,12,0.055681
2.165,12,0.055966
2.17,12,0.056251
2.175,12,0.056537
2.18,12,0.056823
2.185,12,0.05711
2.19,12,0.057397
2.195,12,0.057684
2.2,12,0.057972
2.205,12,0.05826
2.21,12,0.058548
2.215,12,0.058837
2.22,12,0.059125
2.225,12,0.059414
2.23,12,0.059703
2.235,12,0.059992
2.24,12,0.060281
2.245,12,0.060571
2.25,12,0.06086
2.255,12,0.061149
2.26,12,0.061439
2.265,12,0.061729
2.27,12,0.062018
2.275,12,0.062308
2.28,12,0.062598
2.285,12,0.062888
2.29,12,0.063178
2.295,12,0.063468
2.3,12,0.063758
2.305,12,0.064048
2.31,12,0.064338
2.315,12,0.064628
2.32,12,0.064918
2.325,12,0.065208
2.33,12,0.065498
2.335,12,0.065789
2.34,12,0.066079
2.345,12,0.066369
2.35,12,0.066659
2.355,12,0.066949
2.36,12,0.067239
2.365,12,0.06753
2.37,12,0.06782
2.375,12,0.06811
2.38,12,0.0684
2.385,12,0.068691
2.39,12,0.068981
2.395,12,0.069271
2.4,12,0.069561
2.405,12,0.069852
2.41,12,0.070142
2.415,12,0.070432
2.42,12,0.070722
2.425,12,0.071013
2.43,12,0.071303
2.435,12,0.071593
2.44,12,0.071883
2.445,12,0.072174
2.45,12,0.072464
2.455,12,0.072754
2.46,12,0.073045
2.465,12,0.073335
2.47,12,0.073625
2.475,12,0.073915
2.48,12,0.074206
2.485,12,0.074496
2.49,12,0.074786
2.495,12,0.075077
2.5,12,0.075367
2.505,12,0.075657
2.51,12,0.075947
2.515,12,0.076238
2.52,12,0.076528
2.525,12,0.076818
2.53,12,0.077109
2.535,12,0.077399
2.54,12,0.077689
2.545,12,0.077979
2.55,12,0.07827
2.555,12,0.07856
2.56,12,0.07885
2.565,12,0.07914
2.57,12,0.079431
2.575,12,0.079721
2.58,12,0.080011
2.585,12,0.080302
2.59,12,0.080592
2.595,12,0.080882
2.6,12,0.081172
2.605,12,0.081463
2.61,12,0.081753
2.615,12,0.082043
2.62,12,0.082334
2.625,12,0.082624
2.63,12,0.082914
2.635,12,0.083204
2.64,12,0.083495
2.645,12,0.083785
2.65,12,0.084075
2.655,12,0.084366
2.66,12,0.084656
2.665,12,0.084946
2.67,12,0.085236
2.675,12,0.085527
2.68,12,0.085817
2.685,12,0.086107
2.69,12,0.086398
2.695,12,0.086688
2.7,12,0.086978
2.705,12,0.087268
2.71,12,0.087559
2.715,12,0.087849
2.72,12,0.088139
2.725,12,0.08843
2.73,12,0.08872
2.735,12,0.08901
2.74,12,0.0893
2.745,12,0.089591
2.75,12,0.089881
2.755,12,0.090171
2.76,12,0.090462
2.765,12,0.090752
2.77,12,0.091042
2.775,12,0.091332
2.78,12,0.091623
2.785,12,0.091913
2.79,12,0.092203
2.795,12,0.092494
2.8,12,0.092784
2.805,12,0.093074
2.81,12,0.093364
2.815,12,0.093655
2.82,12,0.093945
2.825,12,0.094235
2.83,12,0.094526
2.835,12,0.094816
2.84,12,0.095106
2.845,12,0.095396
2.85,12,0.095687
2.855,12,0.095977
2.86,12,0.096267
2.865,12,0.096558
2.87,12,0.096848
2.875,12,0.097138
2.88,12,0.097428
2.885,12,0.097719
2.89,12,0.098009
2.895,12,0.098299
2.9,12,0.09859
2.905,12,0.09888
2.91,12,0.09917
2.915,12,0.09946
2.92,12,0.099751
2.925,12,0.10004
2.93,12,0.10033
2.935,12,0.10062
2.94,12,0.10091
2.945,12,0.1012
2.95,12,0.10149
2.955,12,0.10178
2.96,12,0.10207
2.965,12,0.10236
2.97,12,0.10265
2.975,12,0.10294
2.98,12,0.10323
2.985,12,0.10352
2.99,12,0.10381
2.995,12,0.10411
3,12,0.1044
3.005,-12,0.10469
3.01,-12,0.10495
3.015,-12,0.10515
3.02,-12,0.1053
3.025,-12,0.10541
3.03,-12,0.10547
3.035,-12,0.1055
3.04,-12,0.1055
3.045,-12,0.10546
3.05,-12,0.1054
3.055,-12,0.10531
3.06,-12,0.10521
3.065,-12,0.10508
3.07,-12,0.10494
3.075,-12,0.10478
3.08,-12,0.10461
3.085,-12,0.10443
3.09,-12,0.10423
3.095,-12,0.10403
3.1,-12,0.10381
3.105,-12,0.10359
3.11,-12,0.10336
3.115,-12,0.10313
3.12,-12,0.10288
3.125,-12,0.10264
3.13,-12,0.10239
3.135,-12,0.10213
3.14,-12,0.10187
3.145,-12,0.10161
3.15,-12,0.10135
3.155,-12,0.10108
3.16,-12,0.10081
3.165,-12,0.10054
3.17,-12,0.10026
3.175,-12,0.099988
3.18,-12,0.099711
3.185,-12,0.099433
3.19,-12,0.099153
3.195,-12,0.098872
3.2,-12,0.098591
3.205,-12,0.098308
3.21,-12,0.098024
3.215,-12,0.09774
3.22,-12,0.097455
3.225,-12,0.09717
3.23,-12,0.096884
3.235,-12,0.096598
3.24,-12,0.096311
3.245,-12,0.096024
3.25,-12,0.095736
3.255,-12,0.095449
3.26,-12,0.095161
3.265,-12,0.094872
3.27,-12,0.094584
3.275,-12,0.094295
3.28,-12,0.094007
3.285,-12,0.093718
3.29,-12,0.093428
3.295,-12,0.093139
3.3,-12,0.09285
3.305,-12,0.09256
3.31,-12,0.092271
3.315,-12,0.091981
3.32,-12,0.091692
3.325,-12,0.091402
3.33,-12,0.091112
3.335,-12,0.090822
3.34,-12,0.090532
3.345,-12,0.090242
3.35,-12,0.089952
3.355,-12,0.089662
3.36,-12,0.089372
3.365,-12,0.089082
3.37,-12,0.088792
3.375,-12,0.088502
3.38,-12,0.088212
3.385,-12,0.087922
3.39,-12,0.087632
3.395,-12,0.087342
3.4,-12,0.087051
3.405,-12,0.086761
3.41,-12,0.086471
3.415,-12,0.086181
3.42,-12,0.085891
3.425,-12,0.0856
3.43,-12,0.08531
3.435,-12,0.08502
3.44,-12,0.08473
3.445,-12,0.084439
3.45,-12,0.084149
3.455,-12,0.083859
3.46,-12,0.083569
3.465,-12,0.083278
3.47,-12,0.082988
3.475,-12,0.082698
3.48,-12,0.082408
3.485,-12,0.082117
3.49,-12,0.081827
3.495,-12,0.081537
3.5,-12,0.081247
3.505,-12,0.080956
3.51,-12,0.080666
3.515,-12,0.080376
3.52,-12,0.080085
3.525,-12,0.079795
3.53,-12,0.079505
3.535,-12,0.079215
3.54,-12,0.078924
3.545,-12,0.078634
3.55,-12,0.078344
3.555,-12,0.078053
3.56,-12,0.077763
3.565,-12,0.077473
3.57,-12,0.077183
3.575,-12,0.076892
3.58,-12,0.076602
3.585,-12,0.076312
3.59,-12,0.076021
3.595,-12,0.075731
3.6,-12,0.075441
3.605,-12,0.075151
3.61,-12,0.07486
3.615,-12,0.07457
3.62,-12,0.07428
3.625,-12,0.073989
3.63,-12,0.073699
3.635,-12,0.073409
3.64,-12,0.073119
3.645,-12,0.072828
3.65,-12,0.072538
3.655,-12,0.072248
3.66,-12,0.071957
3.665,-12,0.071667
3.67,-12,0.071377
3.675,-12,0.071087
3.68,-12,0.070796
3.685,-12,0.070506
3.69,-12,0.070216
3.695,-12,0.069925
3.7,-12,0.069635
3.705,-12,0.069345
3.71,-12,0.069055
3.715,-12,0.068764
3.72,-12,0.068474
3.725,-12,0.068184
3.73,-12,0.067893
3.735,-12,0.067603
3.74,-12,0.067313
3.745,-12,0.067023
3.75,-12,0.066732
3.755,-12,0.066442
3.76,-12,0.066152
3.765,-12,0.065861
3.77,-12,0.065571
3.775,-12,0.065281
3.78,-12,0.064991
3.785,-12,0.0647
3.79,-12,0.06441
3.795,-12,0.06412
3.8,-12,0.063829
3.805,-12,0.063539
3.81,-12,0.063249
3.815,-12,0.062959
3.82,-12,0.062668
3.825,-12,0.062378
3.83,-12,0.062088
3.835,-12,0.061797
3.84,-12,0.061507
3.845,-12,0.061217
3.85,-12,0.060927
3.855,-12,0.060636
3.86,-12,0.060346
3.865,-12,0.060056
3.87,-12,0.059765
3.875,-12,0.059475
3.88,-12,0.059185
3.885,-12,0.058895
3.89,-12,0.058604
3.895,-12,0.058314
3.9,-12,0.058024
3.905,-12,0.057734
3.91,-12,0.057443
3.915,-12,0.057153
3.92,-12,0.056863
3.925,-12,0.056572
3.93,-12,0.056282
3.935,-12,0.055992
3.94,-12,0.055702
3.945,-12,0.055411
3.95,-12,0.055121
3.955,-12,0.054831
3.96,-12,0.05454
3.965,-12,0.05425
3.97,-12,0.05396
3.975,-12,0.05367
3.98,-12,0.053379
3.985,-12,0.053089
3.99,-12,0.052799
3.995,-12,0.052508
4,-12,0.052218
4.005,1.507,0.051928
4.01,3.008,0.051654
4.015,4.4972,0.051415
4.02,5.9686,0.051209
4.025,7.4164,0.051039
4.03,8.835,0.050902
4.035,10.219,0.050801
4.04,11.562,0.050734
4.045,12.86,0.050701
4.05,14.107,0.050702
4.055,15.298,0.050737
4.06,16.429,0.050806
4.065,17.495,0.050907
4.07,18.492,0.05104
4.075,19.416,0.051205
4.08,20.264,0.0514
4.085,21.031,0.051624
4.09,21.716,0.051878
4.095,22.315,0.052158
4.1,22.825,0.052465
4.105,23.246,0.052797
4.11,23.575,0.053152
4.115,23.811,0.053529
4.12,23.953,0.053927
4.125,24,0.054343
4.13,23.953,0.054776
4.135,23.811,0.055225
4.14,23.575,0.055686
4.145,23.246,0.05616
4.15,22.825,0.056643
4.155,22.315,0.057134
4.16,21.716,0.057631
4.165,21.031,0.058131
4.17,20.264,0.058633
4.175,19.416,0.059135
4.18,18.492,0.059634
4.185,17.495,0.06013
4.19,16.429,0.060619
4.195,15.298,0.0611
4.2,14.107,0.061571
4.205,12.86,0.06203
4.21,11.562,0.062475
4.215,10.219,0.062904
4.22,8.835,0.063317
4.225,7.4164,0.06371
4.23,5.9686,0.064083
4.235,4.4972,0.064434
4.24,3.008,0.064762
4.245,1.507,0.065065
4.25,-3.53e-14,0.065343
4.255,-1.507,0.065593
4.26,-3.008,0.065816
4.265,-4.4972,0.06601
4.27,-5.9686,0.066174
4.275,-7.4164,0.066308
4.28,-8.835,0.066411
4.285,-10.219,0.066484
4.29,-11.562,0.066524
4.295,-12.86,0.066533
4.3,-14.107,0.066511
4.305,-15.298,0.066457
4.31,-16.429,0.066372
4.315,-17.495,0.066255
4.32,-18.492,0.066108
4.325,-19.416,0.065931
4.33,-20.264,0.065725
4.335,-21.031,0.065491
4.34,-21.716,0.065229
4.345,-22.315,0.06494
4.35,-22.825,0.064626
4.355,-23.246,0.064288
4.36,-23.575,0.063927
4.365,-23.811,0.063545
4.37,-23.953,0.063143
4.375,-24,0.062723
4.38,-23.953,0.062286
4.385,-23.811,0.061834
4.39,-23.575,0.061369
4.395,-23.246,0.060893
4.4,-22.825,0.060408
4.405,-22.315,0.059915
4.41,-21.716,0.059416
4.415,-21.031,0.058914
4.42,-20.264,0.05841
4.425,-19.416,0.057907
4.43,-18.492,0.057406
4.435,-17.495,0.05691
4.44,-16.429,0.05642
4.445,-15.298,0.055938
4.45,-14.107,0.055466
4.455,-12.86,0.055007
4.46,-11.562,0.054561
4.465,-10.219,0.054131
4.47,-8.835,0.053718
4.475,-7.4164,0.053324
4.48,-5.9686,0.052951
4.485,-4.4972,0.052599
4.49,-3.008,0.052271
4.495,-1.507,0.051967
4.5,-5.2905e-14,0.05169
4.505,1.507,0.051439
4.51,3.008,0.051216
4.515,4.4972,0.051022
4.52,5.9686,0.050858
4.525,7.4164,0.050724
4.53,8.835,0.05062
4.535,10.219,0.050548
4.54,11.562,0.050507
4.545,12.86,0.050498
4.55,14.107,0.05052
4.555,15.298,0.050574
4.56,16.429,0.050659
4.565,17.495,0.050776
4.57,18.492,0.050923
4.575,19.416,0.051099
4.58,20.264,0.051305
4.585,21.031,0.05154
4.59,21.716,0.051802
4.595,22.315,0.052091
4.6,22.825,0.052404
4.605,23.246,0.052743
4.61,23.575,0.053103
4.615,23.811,0.053485
4.62,23.953,0.053887
4.625,24,0.054308
4.63,23.953,0.054745
4.635,23.811,0.055196
4.64,23.575,0.055661
4.645,23.246,0.056137
4.65,22.825,0.056623
4.655,22.315,0.057116
4.66,21.716,0.057614
4.665,21.031,0.058116
4.67,20.264,0.05862
4.675,19.416,0.059123
4.68,18.492,0.059624
4.685,17.495,0.06012
4.69,16.429,0.060611
4.695,15.298,0.061092
4.7,14.107,0.061564
4.705,12.86,0.062024
4.71,11.562,0.062469
4.715,10.219,0.0629
4.72,8.835,0.063312
4.725,7.4164,0.063706
4.73,5.9686,0.06408
4.735,4.4972,0.064431
4.74,3.008,0.064759
4.745,1.507,0.065063
4.75,1.4111e-13,0.065341
4.755,-1.507,0.065591
4.76,-3.008,0.065814
4.765,-4.4972,0.066008
4.77,-5.9686,0.066173
4.775,-7.4164,0.066307
4.78,-8.835,0.06641
4.785,-10.219,0.066482
4.79,-11.562,0.066523
4.795,-12.86,0.066533
4.8,-14.107,0.06651
4.805,-15.298,0.066456
4.81,-16.429,0.066371
4.815,-17.495,0.066255
4.82,-18.492,0.066108
4.825,-19.416,0.065931
4.83,-20.264,0.065725
4.835,-21.031,0.06549
4.84,-21.716,0.065228
4.845,-22.315,0.06494
4.85,-22.825,0.064626
4.855,-23.246,0.064288
4.86,-23.575,0.063927
4.865,-23.811,0.063545
4.87,-23.953,0.063143
4.875,-24,0.062723
4.88,-23.953,0.062286
4.885,-23.811,0.061834
4.89,-23.575,0.061369
4.895,-23.246,0.060893
4.9,-22.825,0.060407
4.905,-22.315,0.059915
4.91,-21.716,0.059416
4.915,-21.031,0.058914
4.92,-20.264,0.05841
4.925,-19.416,0.057907
4.93,-18.492,0.057406
4.935,-17.495,0.05691
4.94,-16.429,0.05642
4.945,-15.298,0.055938
4.95,-14.107,0.055466
4.955,-12.86,0.055007
4.96,-11.562,0.054561
4.965,-10.219,0.054131
4.97,-8.835,0.053718
4.975,-7.4164,0.053324
4.98,-5.9686,0.052951
4.985,-4.4972,0.052599
4.99,-3.008,0.052271
4.995,-1.507,0.051967
5,-5.8783e-14,0.05169
5.005,1.507,0.051439
5.01,3.008,0.051216
5.015,4.4972,0.051022
5.02,5.9686,0.050858
5.025,7.4164,0.050724
5.03,8.835,0.05062
5.035,10.219,0.050548
5.04,11.562,0.050507
5.045,12.86,0.050498
5.05,14.107,0.05052
5.055,15.298,0.050574
5.06,16.429,0.050659
5.065,17.495,0.050776
5.07,18.492,0.050923
5.075,19.416,0.051099
5.08,20.264,0.051305
5.085,21.031,0.05154
5.09,21.716,0.051802
5.095,22.315,0.052091
5.1,22.825,0.052404
5.105,23.246,0.052743
5.11,23.575,0.053103
5.115,23.811,0.053485
5.12,23.953,0.053887
5.125,24,0.054308
5.13,23.953,0.054745
5.135,23.811,0.055196
5.14,23.575,0.055661
5.145,23.246,0.056137
5.15,22.825,0.056623
5.155,22.315,0.057116
5.16,21.716,0.057614
5.165,21.031,0.058116
5.17,20.264,0.05862
5.175,19.416,0.059123
5.18,18.492,0.059624
5.185,17.495,0.06012
5.19,16.429,0.060611
5.195,15.298,0.061092
5.2,14.107,0.061564
5.205,12.86,0.062024
5.21,11.562,0.062469
5.215,10.219,0.0629
5.22,8.835,0.063312
5.225,7.4164,0.063706
5.23,5.9686,0.06408
5.235,4.4972,0.064431
5.24,3.008,0.064759
5.245,1.507,0.065063
5.25,-2.3543e-14,0.065341
5.255,-1.507,0.065591
5.26,-3.008,0.065814
5.265,-4.4972,0.066008
5.27,-5.9686,0.066173
5.275,-7.4164,0.066307
5.28,-8.835,0.06641
5.285,-10.219,0.066482
5.29,-11.562,0.066523
5.295,-12.86,0.066533
5.3,-14.107,0.06651
5.305,-15.298,0.066456
5.31,-16.429,0.066371
5.315,-17.495,0.066255
5.32,-18.492,0.066108
5.325,-19.416,0.065931
5.33,-20.264,0.065725
5.335,-21.031,0.06549
5.34,-21.716,0.065228
5.345,-22.315,0.06494
5.35,-22.825,0.064626
5.355,-23.246,0.064288
5.36,-23.575,0.063927
5.365,-23.811,0.063545
5.37,-23.953,0.063143
5.375,-24,0.062723
5.38,-23.953,0.062286
5.385,-23.811,0.061834
5.39,-23.575,0.061369
5.395,-23.246,0.060893
5.4,-22.825,0.060407
5.405,-22.315,0.059915
5.41,-21.716,0.059416
5.415,-21.031,0.058914
5.42,-20.264,0.05841
5.425,-19.416,0.057907
5.43,-18.492,0.057406
5.435,-17.495,0.05691
5.44,-16.429,0.05642
5.445,-15.298,0.055938
5.45,-14.107,0.055466
5.455,-12.86,0.055007
5.46,-11.562,0.054561
5.465,-10.219,0.054131
5.47,-8.835,0.053718
5.475,-7.4164,0.053324
5.48,-5.9686,0.052951
5.485,-4.4972,0.052599
5.49,-3.008,0.052271
5.495,-1.507,0.051967
5.5,-2.3519e-13,0.05169
5.505,1.507,0.051439
5.51,3.008,0.051216
5.515,4.4972,0.051022
5.52,5.9686,0.050858
5.525,7.4164,0.050724
5.53,8.835,0.05062
5.535,10.219,0.050548
5.54,11.562,0.050507
5.545,12.86,0.050498
5.55,14.107,0.05052
5.555,15.298,0.050574
5.56,16.429,0.050659
5.565,17.495,0.050776
5.57,18.492,0.050923
5.575,19.416,0.051099
5.58,20.264,0.051305
5.585,21.031,0.05154
5.59,21.716,0.051802
5.595,22.315,0.052091
5.6,22.825,0.052404
5.605,23.246,0.052743
5.61,23.575,0.053103
5.615,23.811,0.053485
5.62,23.953,0.053887
5.625,24,0.054308
5.63,23.953,0.054745
5.635,23.811,0.055196
5.64,23.575,0.055661
5.645,23.246,0.056137
5.65,22.825,0.056623
5.655,22.315,0.057116
5.66,21.716,0.057614
5.665,21.031,0.058116
5.67,20.264,0.05862
5.675,19.416,0.059123
5.68,18.492,0.059624
5.685,17.495,0.06012
5.69,16.429,0.060611
5.695,15.298,0.061092
5.7,14.107,0.061564
5.705,12.86,0.062024
5.71,11.562,0.062469
5.715,10.219,0.0629
5.72,8.835,0.063312
5.725,7.4164,0.063706
5.73,5.9686,0.06408
5.735,4.4972,0.064431
5.74,3.008,0.064759
5.745,1.507,0.065063
5.75,1.5287e-13,0.065341
5.755,-1.507,0.065591
5.76,-3.008,0.065814
5.765,-4.4972,0.066008
5.77,-5.9686,0.066173
5.775,-7.4164,0.066307
5.78,-8.835,0.06641
5.785,-10.219,0.066482
5.79,-11.562,0.066523
5.795,-12.86,0.066533
5.8,-14.107,0.06651
5.805,-15.298,0.066456
5.81,-16.429,0.066371
5.815,-17.495,0.066255
5.82,-18.492,0.066108
5.825,-19.416,0.065931
5.83,-20.264,0.065725
5.835,-21.031,0.06549
5.84,-21.716,0.065228
5.845,-22.315,0.06494
5.85,-22.825,0.064626
5.855,-23.246,0.064288
5.86,-23.575,0.063927
5.865,-23.811,0.063545
5.87,-23.953,0.063143
5.875,-24,0.062723
5.88,-23.953,0.062286
5.885,-23.811,0.061834
5.89,-23.575,0.061369
5.895,-23.246,0.060893
5.9,-22.825,0.060407
5.905,-22.315,0.059915
5.91,-21.716,0.059416
5.915,-21.031,0.058914
5.92,-20.264,0.05841
5.925,-19.416,0.057907
5.93,-18.492,0.057406
5.935,-17.495,0.05691
5.94,-16.429,0.05642
5.945,-15.298,0.055938
5.95,-14.107,0.055466
5.955,-12.86,0.055007
5.96,-11.562,0.054561
5.965,-10.219,0.054131
5.97,-8.835,0.053718
5.975,-7.4164,0.053324
5.98,-5.9686,0.052951
5.985,-4.4972,0.052599
5.99,-3.008,0.052271
5.995,-1.507,0.051967
6,-7.054e-14,0.05169
6.005,8,0.051439
6.01,8,0.051224
6.015,8,0.051052
6.02,8,0.050918
6.025,8,0.050817
6.03,8,0.050748
6.035,8,0.050705
6.04,8,0.050688
6.045,8,0.050692
6.05,8,0.050716
6.055,8,0.050757
6.06,8,0.050814
6.065,8,0.050886
6.07,8,0.05097
6.075,8,0.051066
6.08,8,0.051171
6.085,8,0.051286
6.09,8,0.051409
6.095,8,0.05154
6.1,8,0.051676
6.105,8,0.051819
6.11,8,0.051967
6.115,8,0.05212
6.12,8,0.052277
6.125,8,0.052438
6.13,8,0.052602
6.135,8,0.05277
6.14,8,0.05294
6.145,8,0.053112
6.15,8,0.053287
6.155,8,0.053463
6.16,8,0.053642
6.165,8,0.053822
6.17,8,0.054003
6.175,8,0.054186
6.18,8,0.054369
6.185,8,0.054554
6.19,8,0.05474
6.195,8,0.054926
6.2,8,0.055113
6.205,8,0.055301
6.21,8,0.05549
6.215,8,0.055679
6.22,8,0.055868
6.225,8,0.056058
6.23,8,0.056248
6.235,8,0.056439
6.24,8,0.05663
6.245,8,0.056821
6.25,8,0.057012
6.255,8,0.057204
6.26,8,0.057396
6.265,8,0.057588
6.27,8,0.05778
6.275,8,0.057972
6.28,8,0.058165
6.285,8,0.058357
6.29,8,0.05855
6.295,8,0.058743
6.3,8,0.058936
6.305,8,0.059129
6.31,8,0.059322
6.315,8,0.059515
6.32,8,0.059708
6.325,8,0.059901
6.33,8,0.060094
6.335,8,0.060287
6.34,8,0.06048
6.345,8,0.060674
6.35,8,0.060867
6.355,8,0.06106
6.36,8,0.061254
6.365,8,0.061447
6.37,8,0.06164
6.375,8,0.061834
6.38,8,0.062027
6.385,8,0.06222
6.39,8,0.062414
6.395,8,0.062607
6.4,8,0.062801
6.405,8,0.062994
6.41,8,0.063188
6.415,8,0.063381
6.42,8,0.063575
6.425,8,0.063768
6.43,8,0.063962
6.435,8,0.064155
6.44,8,0.064349
6.445,8,0.064542
6.45,8,0.064736
6.455,8,0.064929
6.46,8,0.065123
6.465,8,0.065316
6.47,8,0.06551
6.475,8,0.065703
6.48,8,0.065897
6.485,8,0.06609
6.49,8,0.066284
6.495,8,0.066477
6.5,8,0.066671
6.505,8,0.066864
6.51,8,0.067058
6.515,8,0.067251
6.52,8,0.067445
6.525,8,0.067638
6.53,8,0.067832
6.535,8,0.068025
6.54,8,0.068219
6.545,8,0.068412
6.55,8,0.068606
6.555,8,0.068799
6.56,8,0.068993
6.565,8,0.069186
6.57,8,0.06938
6.575,8,0.069573
6.58,8,0.069767
6.585,8,0.06996
6.59,8,0.070154
6.595,8,0.070348
6.6,8,0.070541
6.605,8,0.070735
6.61,8,0.070928
6.615,8,0.071122
6.62,8,0.071315
6.625,8,0.071509
6.63,8,0.071702
6.635,8,0.071896
6.64,8,0.072089
6.645,8,0.072283
6.65,8,0.072476
6.655,8,0.07267
6.66,8,0.072863
6.665,8,0.073057
6.67,8,0.07325
6.675,8,0.073444
6.68,8,0.073637
6.685,8,0.073831
6.69,8,0.074024
6.695,8,0.074218
6.7,8,0.074412
6.705,8,0.074605
6.71,8,0.074799
6.715,8,0.074992
6.72,8,0.075186
6.725,8,0.075379
6.73,8,0.075573
6.735,8,0.075766
6.74,8,0.07596
6.745,8,0.076153
6.75,8,0.076347
6.755,8,0.07654
6.76,8,0.076734
6.765,8,0.076927
6.77,8,0.077121
6.775,8,0.077314
6.78,8,0.077508
6.785,8,0.077701
6.79,8,0.077895
6.795,8,0.078088
6.8,8,0.078282
6.805,8,0.078476
6.81,8,0.078669
6.815,8,0.078863
6.82,8,0.079056
6.825,8,0.07925
6.83,8,0.079443
6.835,8,0.079637
6.84,8,0.07983
6.845,8,0.080024
6.85,8,0.080217
6.855,8,0.080411
6.86,8,0.080604
6.865,8,0.080798
6.87,8,0.080991
6.875,8,0.081185
6.88,8,0.081378
6.885,8,0.081572
6.89,8,0.081765
6.895,8,0.081959
6.9,8,0.082152
6.905,8,0.082346
6.91,8,0.08254
6.915,8,0.082733
6.92,8,0.082927
6.925,8,0.08312
6.93,8,0.083314
6.935,8,0.083507
6.94,8,0.083701
6.945,8,0.083894
6.95,8,0.084088
6.955,8,0.084281
6.96,8,0.084475
6.965,8,0.084668
6.97,8,0.084862
6.975,8,0.085055
6.98,8,0.085249
6.985,8,0.085442
6.99,8,0.085636
6.995,8,0.085829
7,8,0.086023
7.005,8,0.086216
7.01,8,0.08641
7.015,8,0.086604
7.02,8,0.086797
7.025,8,0.086991
7.03,8,0.087184
7.035,8,0.087378
7.04,8,0.087571
7.045,8,0.087765
7.05,8,0.087958
7.055,8,0.088152
7.06,8,0.088345
7.065,8,0.088539
7.07,8,0.088732
7.075,8,0.088926
7.08,8,0.089119
7.085,8,0.089313
7.09,8,0.089506
7.095,8,0.0897
7.1,8,0.089893
7.105,8,0.090087
7.11,8,0.09028
7.115,8,0.090474
7.12,8,0.090668
7.125,8,0.090861
7.13,8,0.091055
7.135,8,0.091248
7.14,8,0.091442
7.145,8,0.091635
7.15,8,0.091829
7.155,8,0.092022
7.16,8,0.092216
7.165,8,0.092409
7.17,8,0.092603
7.175,8,0.092796
7.18,8,0.09299
7.185,8,0.093183
7.19,8,0.093377
7.195,8,0.09357
7.2,8,0.093764
7.205,8,0.093957
7.21,8,0.094151
7.215,8,0.094344
7.22,8,0.094538
7.225,8,0.094732
7.23,8,0.094925
7.235,8,0.095119
7.24,8,0.095312
7.245,8,0.095506
7.25,8,0.095699
7.255,8,0.095893
7.26,8,0.096086
7.265,8,0.09628
7.27,8,0.096473
7.275,8,0.096667
7.28,8,0.09686
7.285,8,0.097054
7.29,8,0.097247
7.295,8,0.097441
7.3,8,0.097634
7.305,8,0.097828
7.31,8,0.098021
7.315,8,0.098215
7.32,8,0.098408
7.325,8,0.098602
7.33,8,0.098796
7.335,8,0.098989
7.34,8,0.099183
7.345,8,0.099376
7.35,8,0.09957
7.355,8,0.099763
7.36,8,0.099957
7.365,8,0.10015
7.37,8,0.10034
7.375,8,0.10054
7.38,8,0.10073
7.385,8,0.10092
7.39,8,0.10112
7.395,8,0.10131
7.4,8,0.1015
7.405,8,0.1017
7.41,8,0.10189
7.415,8,0.10209
7.42,8,0.10228
7.425,8,0.10247
7.43,8,0.10267
7.435,8,0.10286
7.44,8,0.10305
7.445,8,0.10325
7.45,8,0.10344
7.455,8,0.10363
7.46,8,0.10383
7.465,8,0.10402
7.47,8,0.10421
7.475,8,0.10441
7.48,8,0.1046
7.485,8,0.10479
7.49,8,0.10499
7.495,8,0.10518
7.5,8,0.10538
7.505,8,0.10557
7.51,8,0.10576
7.515,8,0.10596
7.52,8,0.10615
7.525,8,0.10634
7.53,8,0.10654
7.535,8,0.10673
7.54,8,0.10692
7.545,8,0.10712
7.55,8,0.10731
7.555,8,0.1075
7.56,8,0.1077
7.565,8,0.10789
7.57,8,0.10808
7.575,8,0.10828
7.58,8,0.10847
7.585,8,0.10867
7.59,8,0.10886
7.595,8,0.10905
7.6,8,0.10925
7.605,8,0.10944
7.61,8,0.10963
7.615,8,0.10983
7.62,8,0.11002
7.625,8,0.11021
7.63,8,0.11041
7.635,8,0.1106
7.64,8,0.11079
7.645,8,0.11099
7.65,8,0.11118
7.655,8,0.11137
7.66,8,0.11157
7.665,8,0.11176
7.67,8,0.11196
7.675,8,0.11215
7.68,8,0.11234
7.685,8,0.11254
7.69,8,0.11273
7.695,8,0.11292
7.7,8,0.11312
7.705,8,0.11331
7.71,8,0.1135
7.715,8,0.1137
7.72,8,0.11389
7.725,8,0.11408
7.73,8,0.11428
7.735,8,0.11447
7.74,8,0.11466
7.745,8,0.11486
7.75,8,0.11505
7.755,8,0.11525
7.76,8,0.11544
7.765,8,0.11563
7.77,8,0.11583
7.775,8,0.11602
7.78,8,0.11621
7.785,8,0.11641
7.79,8,0.1166
7.795,8,0.11679
7.8,8,0.11699
7.805,8,0.11718
7.81,8,0.11737
7.815,8,0.11757
7.82,8,0.11776
7.825,8,0.11795
7.83,8,0.11815
7.835,8,0.11834
7.84,8,0.11853
7.845,8,0.11873
7.85,8,0.11892
7.855,8,0.11912
7.86,8,0.11931
7.865,8,0.1195
7.87,8,0.1197
7.875,8,0.11989
7.88,8,0.12008
7.885,8,0.12028
7.89,8,0.12047
7.895,8,0.12066
7.9,8,0.12086
7.905,8,0.12105
7.91,8,0.12124
7.915,8,0.12144
7.92,8,0.12163
7.925,8,0.12182
7.93,8,0.12202
7.935,8,0.12221
7.94,8,0.12241
7.945,8,0.1226
7.95,8,0.12279
7.955,8,0.12299
7.96,8,0.12318
7.965,8,0.12337
7.97,8,0.12357
7.975,8,0.12376
7.98,8,0.12395
7.985,8,0.12415
7.99,8,0.12434
7.995,8,0.12453
8,8,0.12473
8.005,-24,0.12492
8.01,-24,0.12508
8.015,-24,0.12515
8.02,-24,0.12516
8.025,-24,0.12511
8.03,-24,0.125
8.035,-24,0.12485
8.04,-24,0.12465
8.045,-24,0.12441
8.05,-24,0.12413
8.055,-24,0.12382
8.06,-24,0.12349
8.065,-24,0.12313
8.07,-24,0.12274
8.075,-24,0.12234
8.08,-24,0.12192
8.085,-24,0.12148
8.09,-24,0.12102
8.095,-24,0.12056
8.1,-24,0.12008
8.105,-24,0.11959
8.11,-24,0.11909
8.115,-24,0.11858
8.12,-24,0.11807
8.125,-24,0.11755
8.13,-24,0.11702
8.135,-24,0.11649
8.14,-24,0.11595
8.145,-24,0.1154
8.15,-24,0.11486
8.155,-24,0.11431
8.16,-24,0.11375
8.165,-24,0.1132
8.17,-24,0.11264
8.175,-24,0.11208
8.18,-24,0.11152
8.185,-24,0.11095
8.19,-24,0.11038
8.195,-24,0.10982
8.2,-24,0.10925
8.205,-24,0.10868
8.21,-24,0.10811
8.215,-24,0.10753
8.22,-24,0.10696
8.225,-24,0.10639
8.23,-24,0.10581
8.235,-24,0.10524
8.24,-24,0.10466
8.245,-24,0.10408
8.25,-24,0.10351
8.255,-24,0.10293
8.26,-24,0.10235
8.265,-24,0.10177
8.27,-24,0.1012
8.275,-24,0.10062
8.28,-24,0.10004
8.285,-24,0.09946
8.29,-24,0.098881
8.295,-24,0.098302
8.3,-24,0.097722
8.305,-24,0.097143
8.31,-24,0.096563
8.315,-24,0.095984
8.32,-24,0.095404
8.325,-24,0.094824
8.33,-24,0.094244
8.335,-24,0.093664
8.34,-24,0.093084
8.345,-24,0.092504
8.35,-24,0.091924
8.355,-24,0.091344
8.36,-24,0.090763
8.365,-24,0.090183
8.37,-24,0.089603
8.375,-24,0.089023
8.38,-24,0.088442
8.385,-24,0.087862
8.39,-24,0.087281
8.395,-24,0.086701
8.4,-24,0.086121
8.405,-24,0.08554
8.41,-24,0.08496
8.415,-24,0.084379
8.42,-24,0.083799
8.425,-24,0.083218
8.43,-24,0.082638
8.435,-24,0.082057
8.44,-24,0.081477
8.445,-24,0.080896
8.45,-24,0.080316
8.455,-24,0.079735
8.46,-24,0.079155
8.465,-24,0.078574
8.47,-24,0.077994
8.475,-24,0.077413
8.48,-24,0.076832
8.485,-24,0.076252
8.49,-24,0.075671
8.495,-24,0.075091
8.5,-24,0.07451
8.505,-24,0.07393
8.51,-24,0.073349
8.515,-24,0.072769
8.52,-24,0.072188
8.525,-24,0.071607
8.53,-24,0.071027
8.535,-24,0.070446
8.54,-24,0.069866
8.545,-24,0.069285
8.55,-24,0.068705
8.555,-24,0.068124
8.56,-24,0.067543
8.565,-24,0.066963
8.57,-24,0.066382
8.575,-24,0.065802
8.58,-24,0.065221
8.585,-24,0.064641
8.59,-24,0.06406
8.595,-24,0.06348
8.6,-24,0.062899
8.605,-24,0.062318
8.61,-24,0.061738
8.615,-24,0.061157
8.62,-24,0.060577
8.625,-24,0.059996
8.63,-24,0.059416
8.635,-24,0.058835
8.64,-24,0.058254
8.645,-24,0.057674
8.65,-24,0.057093
8.655,-24,0.056513
8.66,-24,0.055932
8.665,-24,0.055352
8.67,-24,0.054771
8.675,-24,0.05419
8.68,-24,0.05361
8.685,-24,0.053029
8.69,-24,0.052449
8.695,-24,0.051868
8.7,-24,0.051288
8.705,-24,0.050707
8.71,-24,0.050126
8.715,-24,0.049546
8.72,-24,0.048965
8.725,-24,0.048385
8.73,-24,0.047804
8.735,-24,0.047224
8.74,-24,0.046643
8.745,-24,0.046062
8.75,-24,0.045482
8.755,-24,0.044901
8.76,-24,0.044321
8.765,-24,0.04374
8.77,-24,0.04316
8.775,-24,0.042579
8.78,-24,0.041998
8.785,-24,0.041418
8.79,-24,0.040837
8.795,-24,0.040257
8.8,-24,0.039676
8.805,-24,0.039096
8.81,-24,0.038515
8.815,-24,0.037934
8.82,-24,0.037354
8.825,-24,0.036773
8.83,-24,0.036193
8.835,-24,0.035612
8.84,-24,0.035032
8.845,-24,0.034451
8.85,-24,0.03387
8.855,-24,0.03329
8.86,-24,0.032709
8.865,-24,0.032129
8.87,-24,0.031548
8.875,-24,0.030968
8.88,-24,0.030387
8.885,-24,0.029806
8.89,-24,0.029226
8.895,-24,0.028645
8.9,-24,0.028065
8.905,-24,0.027484
8.91,-24,0.026904
8.915,-24,0.026323
8.92,-24,0.025742
8.925,-24,0.025162
8.93,-24,0.024581
8.935,-24,0.024001
8.94,-24,0.02342
8.945,-24,0.02284
8.95,-24,0.022259
8.955,-24,0.021678
8.96,-24,0.021098
8.965,-24,0.020517
8.97,-24,0.019937
8.975,-24,0.019356
8.98,-24,0.018776
8.985,-24,0.018195
8.99,-24,0.017614
8.995,-24,0.017034
9,-24,0.016453
9.005,-24,0.015873
9.01,-24,0.015292
9.015,-24,0.014712
9.02,-24,0.014131
9.025,-24,0.01355
9.03,-24,0.01297
9.035,-24,0.012389
9.04,-24,0.011809
9.045,-24,0.011228
9.05,-24,0.010648
9.055,-24,0.010067
9.06,-24,0.0094864
9.065,-24,0.0089058
9.07,-24,0.0083253
9.075,-24,0.0077447
9.08,-24,0.0071641
9.085,-24,0.0065835
9.09,-24,0.006003
9.095,-24,0.0054224
9.1,-24,0.0048418
9.105,-24,0.0042613
9.11,-24,0.0036807
9.115,-24,0.0031001
9.12,-24,0.0025195
9.125,-24,0.001939
9.13,-24,0.0013584
9.135,-24,0.00077783
9.14,-24,0.00019726
9.145,-24,-0.00038331
9.15,-24,-0.00096389
9.155,-24,-0.0015445
9.16,-24,-0.002125
9.165,-24,-0.0027056
9.17,-24,-0.0032862
9.175,-24,-0.0038667
9.18,-24,-0.0044473
9.185,-24,-0.0050279
9.19,-24,-0.0056085
9.195,-24,-0.006189
9.2,-24,-0.0067696
9.205,-24,-0.0073502
9.21,-24,-0.0079307
9.215,-24,-0.0085113
9.22,-24,-0.0090919
9.225,-24,-0.0096725
9.23,-24,-0.010253
9.235,-24,-0.010834
9.24,-24,-0.011414
9.245,-24,-0.011995
9.25,-24,-0.012575
9.255,-24,-0.013156
9.26,-24,-0.013736
9.265,-24,-0.014317
9.27,-24,-0.014898
9.275,-24,-0.015478
9.28,-24,-0.016059
9.285,-24,-0.016639
9.29,-24,-0.01722
9.295,-24,-0.0178
9.3,-24,-0.018381
9.305,-24,-0.018962
9.31,-24,-0.019542
9.315,-24,-0.020123
9.32,-24,-0.020703
9.325,-24,-0.021284
9.33,-24,-0.021864
9.335,-24,-0.022445
9.34,-24,-0.023026
9.345,-24,-0.023606
9.35,-24,-0.024187
9.355,-24,-0.024767
9.36,-24,-0.025348
9.365,-24,-0.025928
9.37,-24,-0.026509
9.375,-24,-0.02709
9.38,-24,-0.02767
9.385,-24,-0.028251
9.39,-24,-0.028831
9.395,-24,-0.029412
9.4,-24,-0.029992
9.405,-24,-0.030573
9.41,-24,-0.031154
9.415,-24,-0.031734
9.42,-24,-0.032315
9.425,-24,-0.032895
9.43,-24,-0.033476
9.435,-24,-0.034056
9.44,-24,-0.034637
9.445,-24,-0.035218
9.45,-24,-0.035798
9.455,-24,-0.036379
9.46,-24,-0.036959
9.465,-24,-0.03754
9.47,-24,-0.03812
9.475,-24,-0.038701
9.48,-24,-0.039282
9.485,-24,-0.039862
9.49,-24,-0.040443
9.495,-24,-0.041023
9.5,-24,-0.041604
9.505,-24,-0.042184
9.51,-24,-0.042765
9.515,-24,-0.043346
9.52,-24,-0.043926
9.525,-24,-0.044507
9.53,-24,-0.045087
9.535,-24,-0.045668
9.54,-24,-0.046248
9.545,-24,-0.046829
9.55,-24,-0.04741
9.555,-24,-0.04799
9.56,-24,-0.048571
9.565,-24,-0.049151
9.57,-24,-0.049732
9.575,-24,-0.050312
9.58,-24,-0.050893
9.585,-24,-0.051474
9.59,-24,-0.052054
9.595,-24,-0.052635
9.6,-24,-0.053215
9.605,-24,-0.053796
9.61,-24,-0.054376
9.615,-24,-0.054957
9.62,-24,-0.055538
9.625,-24,-0.056118
9.63,-24,-0.056699
9.635,-24,-0.057279
9.64,-24,-0.05786
9.645,-24,-0.05844
9.65,-24,-0.059021
9.655,-24,-0.059602
9.66,-24,-0.060182
9.665,-24,-0.060763
9.67,-24,-0.061343
9.675,-24,-0.061924
9.68,-24,-0.062504
9.685,-24,-0.063085
9.69,-24,-0.063666
9.695,-24,-0.064246
9.7,-24,-0.064827
9.705,-24,-0.065407
9.71,-24,-0.065988
9.715,-24,-0.066568
9.72,-24,-0.067149
9.725,-24,-0.06773
9.73,-24,-0.06831
9.735,-24,-0.068891
9.74,-24,-0.069471
9.745,-24,-0.070052
9.75,-24,-0.070632
9.755,-24,-0.071213
9.76,-24,-0.071794
9.765,-24,-0.072374
9.77,-24,-0.072955
9.775,-24,-0.073535
9.78,-24,-0.074116
9.785,-24,-0.074696
9.79,-24,-0.075277
9.795,-24,-0.075858
9.8,-24,-0.076438
9.805,-24,-0.077019
9.81,-24,-0.077599
9.815,-24,-0.07818
9.82,-24,-0.07876
9.825,-24,-0.079341
9.83,-24,-0.079922
9.835,-24,-0.080502
9.84,-24,-0.081083
9.845,-24,-0.081663
9.85,-24,-0.082244
9.855,-24,-0.082824
9.86,-24,-0.083405
9.865,-24,-0.083986
9.87,-24,-0.084566
9.875,-24,-0.085147
9.88,-24,-0.085727
9.885,-24,-0.086308
9.89,-24,-0.086888
9.895,-24,-0.087469
9.9,-24,-0.08805
9.905,-24,-0.08863
9.91,-24,-0.089211
9.915,-24,-0.089791
9.92,-24,-0.090372
9.925,-24,-0.090952
9.93,-24,-0.091533
9.935,-24,-0.092114
9.94,-24,-0.092694
9.945,-24,-0.093275
9.95,-24,-0.093855
9.955,-24,-0.094436
9.96,-24,-0.095016
9.965,-24,-0.095597
9.97,-24,-0.096178
9.975,-24,-0.096758
9.98,-24,-0.097339
9.985,-24,-0.097919
9.99,-24,-0.0985
9.995,-24,-0.09908
10,-24,-0.099661
10.005,-24,-0.10024
10.01,-24,-0.10082
10.015,-24,-0.1014
10.02,-24,-0.10198
10.025,-24,-0.10256
10.03,-24,-0.10314
10.035,-24,-0.10373
10.04,-24,-0.10431
10.045,-24,-0.10489
10.05,-24,-0.10547
10.055,-24,-0.10605
10.06,-24,-0.10663
10.065,-24,-0.10721
10.07,-24,-0.10779
10.075,-24,-0.10837
10.08,-24,-0.10895
10.085,-24,-0.10953
10.09,-24,-0.11011
10.095,-24,-0.11069
10.1,-24,-0.11127
10.105,-24,-0.11185
10.11,-24,-0.11243
10.115,-24,-0.11301
10.12,-24,-0.11359
10.125,-24,-0.11418
10.13,-24,-0.11476
10.135,-24,-0.11534
10.14,-24,-0.11592
10.145,-24,-0.1165
10.15,-24,-0.11708
10.155,-24,-0.11766
10.16,-24,-0.11824
10.165,-24,-0.11882
10.17,-24,-0.1194
10.175,-24,-0.11998
10.18,-24,-0.12056
10.185,-24,-0.12114
10.19,-24,-0.12172
10.195,-24,-0.1223
10.2,-24,-0.12288
10.205,-24,-0.12346
10.21,-24,-0.12404
10.215,-24,-0.12463
10.22,-24,-0.12521
10.225,-24,-0.12579
10.23,-24,-0.12637
10.235,-24,-0.12695
10.24,-24,-0.12753
10.245,-24,-0.12811
10.25,-24,-0.12869
10.255,-24,-0.12927
10.26,-24,-0.12985
10.265,-24,-0.13043
10.27,-24,-0.13101
10.275,-24,-0.13159
10.28,-24,-0.13217
10.285,-24,-0.13275
10.29,-24,-0.13333
10.295,-24,-0.13391
10.3,-24,-0.1345
10.305,-24,-0.13508
10.31,-24,-0.13566
10.315,-24,-0.13624
10.32,-24,-0.13682
10.325,-24,-0.1374
10.33,-24,-0.13798
10.335,-24,-0.13856
10.34,-24,-0.13914
10.345,-24,-0.13972
10.35,-24,-0.1403
10.355,-24,-0.14088
10.36,-24,-0.14146
10.365,-24,-0.14204
10.37,-24,-0.14262
10.375,-24,-0.1432
10.38,-24,-0.14378
10.385,-24,-0.14436
10.39,-24,-0.14495
10.395,-24,-0.14553
10.4,-24,-0.14611
10.405,-24,-0.14669
10.41,-24,-0.14727
10.415,-24,-0.14785
10.42,-24,-0.14843
10.425,-24,-0.14901
10.43,-24,-0.14959
10.435,-24,-0.15017
10.44,-24,-0.15075
10.445,-24,-0.15133
10.45,-24,-0.15191
10.455,-24,-0.15249
10.46,-24,-0.15307
10.465,-24,-0.15365
10.47,-24,-0.15423
10.475,-24,-0.15482
10.48,-24,-0.1554
10.485,-24,-0.15598
10.49,-24,-0.15656
10.495,-24,-0.15714
10.5,-24,-0.15772
10.505,-24,-0.1583
10.51,-24,-0.15888
10.515,-24,-0.15946
10.52,-24,-0.16004
10.525,-24,-0.16062
10.53,-24,-0.1612
10.535,-24,-0.16178
10.54,-24,-0.16236
10.545,-24,-0.16294
10.55,-24,-0.16352
10.555,-24,-0.1641
10.56,-24,-0.16468
10.565,-24,-0.16527
10.57,-24,-0.16585
10.575,-24,-0.16643
10.58,-24,-0.16701
10.585,-24,-0.16759
10.59,-24,-0.16817
10.595,-24,-0.16875
10.6,-24,-0.16933
10.605,-24,-0.16991
10.61,-24,-0.17049
10.615,-24,-0.17107
10.62,-24,-0.17165
10.625,-24,-0.17223
10.63,-24,-0.17281
10.635,-24,-0.17339
10.64,-24,-0.17397
10.645,-24,-0.17455
10.65,-24,-0.17514
10.655,-24,-0.17572
10.66,-24,-0.1763
10.665,-24,-0.17688
10.67,-24,-0.17746
10.675,-24,-0.17804
10.68,-24,-0.17862
10.685,-24,-0.1792
10.69,-24,-0.17978
10.695,-24,-0.18036
10.7,-24,-0.18094
10.705,-24,-0.18152
10.71,-24,-0.1821
10.715,-24,-0.18268
10.72,-24,-0.18326
10.725,-24,-0.18384
10.73,-24,-0.18442
10.735,-24,-0.185
10.74,-24,-0.18559
10.745,-24,-0.18617
10.75,-24,-0.18675
10.755,-24,-0.18733
10.76,-24,-0.18791
10.765,-24,-0.18849
10.77,-24,-0.18907
10.775,-24,-0.18965
10.78,-24,-0.19023
10.785,-24,-0.19081
10.79,-24,-0.19139
10.795,-24,-0.19197
10.8,-24,-0.19255
10.805,-24,-0.19313
10.81,-24,-0.19371
10.815,-24,-0.19429
10.82,-24,-0.19487
10.825,-24,-0.19546
10.83,-24,-0.19604
10.835,-24,-0.19662
10.84,-24,-0.1972
10.845,-24,-0.19778
10.85,-24,-0.19836
10.855,-24,-0.19894
10.86,-24,-0.19952
10.865,-24,-0.2001
10.87,-24,-0.20068
10.875,-24,-0.20126
10.88,-24,-0.20184
10.885,-24,-0.20242
10.89,-24,-0.203
10.895,-24,-0.20358
10.9,-24,-0.20416
10.905,-24,-0.20474
10.91,-24,-0.20532
10.915,-24,-0.20591
10.92,-24,-0.20649
10.925,-24,-0.20707
10.93,-24,-0.20765
10.935,-24,-0.20823
10.94,-24,-0.20881
10.945,-24,-0.20939
10.95,-24,-0.20997
10.955,-24,-0.21055
10.96,-24,-0.21113
10.965,-24,-0.21171
10.97,-24,-0.21229
10.975,-24,-0.21287
10.98,-24,-0.21345
10.985,-24,-0.21403
10.99,-24,-0.21461
10.995,-24,-0.21519
11,-24,-0.21578
11.005,23.993,-0.21636
11.01,23.973,-0.21688
11.015,23.94,-0.21728
11.02,23.893,-0.21759
11.025,23.834,-0.2178
11.03,23.761,-0.21793
11.035,23.674,-0.21799
11.04,23.575,-0.21798
11.045,23.462,-0.21791
11.05,23.337,-0.21779
11.055,23.198,-0.21763
11.06,23.047,-0.21742
11.065,22.883,-0.21718
11.07,22.706,-0.2169
11.075,22.517,-0.2166
11.08,22.315,-0.21627
11.085,22.1,-0.21591
11.09,21.874,-0.21554
11.095,21.635,-0.21515
11.1,21.384,-0.21475
11.105,21.122,-0.21434
11.11,20.847,-0.21391
11.115,20.561,-0.21348
11.12,20.264,-0.21304
11.125,19.955,-0.21259
11.13,19.636,-0.21214
11.135,19.305,-0.21169
11.14,18.964,-0.21123
11.145,18.612,-0.21078
11.15,18.25,-0.21032
11.155,17.877,-0.20987
11.16,17.495,-0.20941
11.165,17.103,-0.20896
11.17,16.702,-0.20852
11.175,16.291,-0.20807
11.18,15.871,-0.20764
11.185,15.443,-0.2072
11.19,15.006,-0.20677
11.195,14.56,-0.20635
11.2,14.107,-0.20594
11.205,13.645,-0.20553
11.21,13.177,-0.20513
11.215,12.7,-0.20474
11.22,12.217,-0.20435
11.225,11.727,-0.20398
11.23,11.23,-0.20361
11.235,10.727,-0.20325
11.24,10.219,-0.20291
11.245,9.7042,-0.20257
11.25,9.1844,-0.20224
11.255,8.6595,-0.20192
11.26,8.1297,-0.20161
11.265,7.5954,-0.20132
11.27,7.057,-0.20103
11.275,6.5146,-0.20076
11.28,5.9686,-0.2005
11.285,5.4192,-0.20025
11.29,4.8669,-0.20001
11.295,4.3119,-0.19978
11.3,3.7544,-0.19956
11.305,3.1949,-0.19936
11.31,2.6336,-0.19917
11.315,2.0709,-0.19899
11.32,1.507,-0.19883
11.325,0.94224,-0.19867
11.33,0.37698,-0.19853
11.335,-0.18849,-0.19841
11.34,-0.75386,-0.19829
11.345,-1.3188,-0.19819
11.35,-1.883,-0.1981
11.355,-2.4462,-0.19803
11.36,-3.008,-0.19797
11.365,-3.5681,-0.19792
11.37,-4.1263,-0.19788
11.375,-4.6822,-0.19786
11.38,-5.2354,-0.19785
11.385,-5.7858,-0.19786
11.39,-6.333,-0.19787
11.395,-6.8766,-0.19791
11.4,-7.4164,-0.19795
11.405,-7.9521,-0.19801
11.41,-8.4834,-0.19808
11.415,-9.01,-0.19817
11.42,-9.5315,-0.19826
11.425,-10.048,-0.19837
11.43,-10.559,-0.1985
11.435,-11.063,-0.19864
11.44,-11.562,-0.19879
11.445,-12.054,-0.19895
11.45,-12.54,-0.19912
11.455,-13.019,-0.19931
11.46,-13.49,-0.19951
11.465,-13.954,-0.19973
11.47,-14.41,-0.19995
11.475,-14.858,-0.20019
11.48,-15.298,-0.20044
11.485,-15.73,-0.2007
11.49,-16.152,-0.20097
11.495,-16.566,-0.20126
11.5,-16.971,-0.20156
11.505,-17.366,-0.20186
11.51,-17.751,-0.20218
11.515,-18.127,-0.20251
11.52,-18.492,-0.20285
11.525,-18.848,-0.20321
11.53,-19.192,-0.20357
11.535,-19.527,-0.20394
11.54,-19.85,-0.20432
11.545,-20.162,-0.20471
11.55,-20.463,-0.20512
11.555,-20.753,-0.20553
11.56,-21.031,-0.20595
11.565,-21.298,-0.20638
11.57,-21.553,-0.20681
11.575,-21.795,-0.20726
11.58,-22.026,-0.20771
11.585,-22.245,-0.20817
11.59,-22.451,-0.20864
11.595,-22.644,-0.20912
11.6,-22.825,-0.2096
11.605,-22.994,-0.2101
11.61,-23.149,-0.21059
11.615,-23.292,-0.2111
11.62,-23.422,-0.21161
11.625,-23.539,-0.21212
11.63,-23.643,-0.21264
11.635,-23.733,-0.21317
11.64,-23.811,-0.2137
11.645,-23.875,-0.21424
11.65,-23.926,-0.21478
11.655,-23.964,-0.21532
11.66,-23.988,-0.21587
11.665,-23.999,-0.21642
11.67,-23.997,-0.21697
11.675,-23.981,-0.21753
11.68,-23.953,-0.21809
11.685,-23.91,-0.21865
11.69,-23.855,-0.21921
11.695,-23.786,-0.21978
11.7,-23.705,-0.22034
11.705,-23.609,-0.22091
11.71,-23.501,-0.22148
11.715,-23.38,-0.22204
11.72,-23.246,-0.22261
11.725,-23.099,-0.22318
11.73,-22.939,-0.22375
11.735,-22.766,-0.22431
11.74,-22.581,-0.22488
11.745,-22.383,-0.22544
11.75,-22.173,-0.226
11.755,-21.951,-0.22656
11.76,-21.716,-0.22711
11.765,-21.469,-0.22767
11.77,-21.21,-0.22822
11.775,-20.94,-0.22876
11.78,-20.658,-0.2293
11.785,-20.364,-0.22984
11.79,-20.059,-0.23038
11.795,-19.743,-0.23091
11.8,-19.416,-0.23143
11.805,-19.079,-0.23195
11.81,-18.73,-0.23246
11.815,-18.372,-0.23297
11.82,-18.003,-0.23347
11.825,-17.624,-0.23397
11.83,-17.235,-0.23446
11.835,-16.837,-0.23494
11.84,-16.429,-0.23541
11.845,-16.012,-0.23588
11.85,-15.587,-0.23634
11.855,-15.152,-0.23679
11.86,-14.71,-0.23723
11.865,-14.259,-0.23767
11.87,-13.8,-0.23809
11.875,-13.334,-0.23851
11.88,-12.86,-0.23892
11.885,-12.379,-0.23931
11.89,-11.891,-0.2397
11.895,-11.397,-0.24008
11.9,-10.896,-0.24045
11.905,-10.389,-0.24081
11.91,-9.8763,-0.24116
11.915,-9.3583,-0.24149
11.92,-8.835,-0.24182
11.925,-8.3068,-0.24214
11.93,-7.774,-0.24244
11.935,-7.2369,-0.24273
11.94,-6.6958,-0.24301
11.945,-6.1509,-0.24328
11.95,-5.6027,-0.24354
11.955,-5.0513,-0.24379
11.96,-4.4972,-0.24402
11.965,-3.9405,-0.24424
11.97,-3.3816,-0.24445
11.975,-2.8209,-0.24465
11.98,-2.2586,-0.24483
11.985,-1.695,-0.245
11.99,-1.1306,-0.24516
11.995,-0.56543,-0.2453
12,-5.2905e-14,-0.24544
12.005,0.56543,-0.24556
12.01,1.1306,-0.24566
12.015,1.695,-0.24576
12.02,2.2586,-0.24583
12.025,2.8209,-0.2459
12.03,3.3816,-0.24595
12.035,3.9405,-0.24599
12.04,4.4972,-0.24602
12.045,5.0513,-0.24603
12.05,5.6027,-0.24603
12.055,6.1509,-0.24602
12.06,6.6958,-0.24599
12.065,7.2369,-0.24595
12.07,7.774,-0.2459
12.075,8.3068,-0.24583
12.08,8.835,-0.24575
12.085,9.3583,-0.24566
12.09,9.8763,-0.24555
12.095,10.389,-0.24543
12.1,10.896,-0.2453
12.105,11.397,-0.24516
12.11,11.891,-0.245
12.115,12.379,-0.24483
12.12,12.86,-0.24464
12.125,13.334,-0.24445
12.13,13.8,-0.24424
12.135,14.259,-0.24402
12.14,14.71,-0.24378
12.145,15.152,-0.24354
12.15,15.587,-0.24328
12.155,16.012,-0.24301
12.16,16.429,-0.24273
12.165,16.837,-0.24243
12.17,17.235,-0.24213
12.175,17.624,-0.24181
12.18,18.003,-0.24149
12.185,18.372,-0.24115
12.19,18.73,-0.2408
12.195,19.079,-0.24044
12.2,19.416,-0.24008
12.205,19.743,-0.2397
12.21,20.059,-0.23931
12.215,20.364,-0.23891
12.22,20.658,-0.2385
12.225,20.94,-0.23809
12.23,21.21,-0.23766
12.235,21.469,-0.23722
12.24,21.716,-0.23678
12.245,21.951,-0.23633
12.25,22.173,-0.23587
12.255,22.383,-0.2354
12.26,22.581,-0.23493
12.265,22.766,-0.23445
12.27,22.939,-0.23396
12.275,23.099,-0.23346
12.28,23.246,-0.23296
12.285,23.38,-0.23245
12.29,23.501,-0.23194
12.295,23.609,-0.23142
12.3,23.705,-0.2309
12.305,23.786,-0.23037
12.31,23.855,-0.22983
12.315,23.91,-0.2293
12.32,23.953,-0.22875
12.325,23.981,-0.22821
12.33,23.997,-0.22766
12.335,23.999,-0.2271
12.34,23.988,-0.22655
12.345,23.964,-0.22599
12.35,23.926,-0.22543
12.355,23.875,-0.22487
12.36,23.811,-0.2243
12.365,23.733,-0.22374
12.37,23.643,-0.22317
12.375,23.539,-0.2226
12.38,23.422,-0.22204
12.385,23.292,-0.22147
12.39,23.149,-0.2209
12.395,22.994,-0.22033
12.4,22.825,-0.21977
12.405,22.644,-0.2192
12.41,22.451,-0.21864
12.415,22.245,-0.21808
12.42,22.026,-0.21752
12.425,21.795,-0.21696
12.43,21.553,-0.21641
12.435,21.298,-0.21586
12.44,21.031,-0.21531
12.445,20.753,-0.21477
12.45,20.463,-0.21423
12.455,20.162,-0.21369
12.46,19.85,-0.21316
12.465,19.527,-0.21263
12.47,19.192,-0.21211
12.475,18.848,-0.2116
12.48,18.492,-0.21109
12.485,18.127,-0.21058
12.49,17.751,-0.21009
12.495,17.366,-0.2096
12.5,16.971,-0.20911
12.505,16.566,-0.20864
12.51,16.152,-0.20817
12.515,15.73,-0.2077
12.52,15.298,-0.20725
12.525,14.858,-0.20681
12.53,14.41,-0.20637
12.535,13.954,-0.20594
12.54,13.49,-0.20552
12.545,13.019,-0.20511
12.55,12.54,-0.20471
12.555,12.054,-0.20432
12.56,11.562,-0.20393
12.565,11.063,-0.20356
12.57,10.559,-0.2032
12.575,10.048,-0.20285
12.58,9.5315,-0.20251
12.585,9.01,-0.20218
12.59,8.4834,-0.20186
12.595,7.9521,-0.20155
12.6,7.4164,-0.20126
12.605,6.8766,-0.20097
12.61,6.333,-0.2007
12.615,5.7858,-0.20044
12.62,5.2354,-0.20019
12.625,4.6822,-0.19995
12.63,4.1263,-0.19972
12.635,3.5681,-0.19951
12.64,3.008,-0.19931
12.645,2.4462,-0.19912
12.65,1.883,-0.19895
12.655,1.3188,-0.19878
12.66,0.75386,-0.19863
12.665,0.18849,-0.1985
12.67,-0.37698,-0.19837
12.675,-0.94224,-0.19826
12.68,-1.507,-0.19817
12.685,-2.0709,-0.19808
12.69,-2.6336,-0.19801
12.695,-3.1949,-0.19795
12.7,-3.7544,-0.19791
12.705,-4.3119,-0.19788
12.71,-4.8669,-0.19786
12.715,-5.4192,-0.19785
12.72,-5.9686,-0.19786
12.725,-6.5146,-0.19789
12.73,-7.057,-0.19792
12.735,-7.5954,-0.19797
12.74,-8.1297,-0.19803
12.745,-8.6595,-0.19811
12.75,-9.1844,-0.1982
12.755,-9.7042,-0.1983
12.76,-10.219,-0.19842
12.765,-10.727,-0.19854
12.77,-11.23,-0.19868
12.775,-11.727,-0.19884
12.78,-12.217,-0.19901
12.785,-12.7,-0.19919
12.79,-13.177,-0.19938
12.795,-13.645,-0.19958
12.8,-14.107,-0.1998
12.805,-14.56,-0.20003
12.81,-15.006,-0.20027
12.815,-15.443,-0.20053
12.82,-15.871,-0.20079
12.825,-16.291,-0.20107
12.83,-16.702,-0.20136
12.835,-17.103,-0.20166
12.84,-17.495,-0.20197
12.845,-17.877,-0.20229
12.85,-18.25,-0.20263
12.855,-18.612,-0.20297
12.86,-18.964,-0.20333
12.865,-19.305,-0.20369
12.87,-19.636,-0.20407
12.875,-19.955,-0.20445
12.88,-20.264,-0.20485
12.885,-20.561,-0.20525
12.89,-20.847,-0.20567
12.895,-21.122,-0.20609
12.9,-21.384,-0.20652
12.905,-21.635,-0.20696
12.91,-21.874,-0.20741
12.915,-22.1,-0.20787
12.92,-22.315,-0.20833
12.925,-22.517,-0.2088
12.93,-22.706,-0.20928
12.935,-22.883,-0.20977
12.94,-23.047,-0.21026
12.945,-23.198,-0.21076
12.95,-23.337,-0.21127
12.955,-23.462,-0.21178
12.96,-23.575,-0.2123
12.965,-23.674,-0.21282
12.97,-23.761,-0.21335
12.975,-23.834,-0.21388
12.98,-23.893,-0.21442
12.985,-23.94,-0.21496
12.99,-23.973,-0.2155
12.995,-23.993,-0.21605
13,-24,-0.2166
13.005,-23.993,-0.21716
13.01,-23.973,-0.21772
13.015,-23.94,-0.21827
13.02,-23.893,-0.21884
13.025,-23.834,-0.2194
13.03,-23.761,-0.21997
13.035,-23.674,-0.22053
13.04,-23.575,-0.2211
13.045,-23.462,-0.22167
13.05,-23.337,-0.22223
13.055,-23.198,-0.2228
13.06,-23.047,-0.22337
13.065,-22.883,-0.22393
13.07,-22.706,-0.2245
13.075,-22.517,-0.22506
13.08,-22.315,-0.22563
13.085,-22.1,-0.22619
13.09,-21.874,-0.22674
13.095,-21.635,-0.2273
13.1,-21.384,-0.22785
13.105,-21.122,-0.2284
13.11,-20.847,-0.22894
13.115,-20.561,-0.22948
13.12,-20.264,-0.23002
13.125,-19.955,-0.23055
13.13,-19.636,-0.23108
13.135,-19.305,-0.2316
13.14,-18.964,-0.23212
13.145,-18.612,-0.23263
13.15,-18.25,-0.23314
13.155,-17.877,-0.23364
13.16,-17.495,-0.23413
13.165,-17.103,-0.23462
13.17,-16.702,-0.2351
13.175,-16.291,-0.23557
13.18,-15.871,-0.23603
13.185,-15.443,-0.23649
13.19,-15.006,-0.23694
13.195,-14.56,-0.23738
13.2,-14.107,-0.23781
13.205,-13.645,-0.23823
13.21,-13.177,-0.23865
13.215,-12.7,-0.23905
13.22,-12.217,-0.23945
13.225,-11.727,-0.23983
13.23,-11.23,-0.24021
13.235,-10.727,-0.24057
13.24,-10.219,-0.24093
13.245,-9.7042,-0.24127
13.25,-9.1844,-0.2416
13.255,-8.6595,-0.24193
13.26,-8.1297,-0.24224
13.265,-7.5954,-0.24254
13.27,-7.057,-0.24283
13.275,-6.5146,-0.2431
13.28,-5.9686,-0.24337
13.285,-5.4192,-0.24362
13.29,-4.8669,-0.24386
13.295,-4.3119,-0.24409
13.3,-3.7544,-0.24431
13.305,-3.1949,-0.24452
13.31,-2.6336,-0.24471
13.315,-2.0709,-0.24489
13.32,-1.507,-0.24505
13.325,-0.94224,-0.24521
13.33,-0.37698,-0.24535
13.335,0.18849,-0.24548
13.34,0.75386,-0.24559
13.345,1.3188,-0.24569
13.35,1.883,-0.24578
13.355,2.4462,-0.24586
13.36,3.008,-0.24592
13.365,3.5681,-0.24597
13.37,4.1263,-0.24601
13.375,4.6822,-0.24603
13.38,5.2354,-0.24604
13.385,5.7858,-0.24603
13.39,6.333,-0.24601
13.395,6.8766,-0.24598
13.4,7.4164,-0.24594
13.405,7.9521,-0.24588
13.41,8.4834,-0.24581
13.415,9.01,-0.24572
13.42,9.5315,-0.24563
13.425,10.048,-0.24552
13.43,10.559,-0.24539
13.435,11.063,-0.24525
13.44,11.562,-0.2451
13.445,12.054,-0.24494
13.45,12.54,-0.24477
13.455,13.019,-0.24458
13.46,13.49,-0.24438
13.465,13.954,-0.24416
13.47,14.41,-0.24394
13.475,14.858,-0.2437
13.48,15.298,-0.24345
13.485,15.73,-0.24319
13.49,16.152,-0.24292
13.495,16.566,-0.24263
13.5,16.971,-0.24233
13.505,17.366,-0.24203
13.51,17.751,-0.24171
13.515,18.127,-0.24138
13.52,18.492,-0.24104
13.525,18.848,-0.24068
13.53,19.192,-0.24032
13.535,19.527,-0.23995
13.54,19.85,-0.23957
13.545,20.162,-0.23918
13.55,20.463,-0.23878
13.555,20.753,-0.23836
13.56,21.031,-0.23794
13.565,21.298,-0.23752
13.57,21.553,-0.23708
13.575,21.795,-0.23663
13.58,22.026,-0.23618
13.585,22.245,-0.23572
13.59,22.451,-0.23525
13.595,22.644,-0.23477
13.6,22.825,-0.23429
13.605,22.994,-0.2338
13.61,23.149,-0.2333
13.615,23.292,-0.23279
13.62,23.422,-0.23228
13.625,23.539,-0.23177
13.63,23.643,-0.23125
13.635,23.733,-0.23072
13.64,23.811,-0.23019
13.645,23.875,-0.22965
13.65,23.926,-0.22911
13.655,23.964,-0.22857
13.66,23.988,-0.22802
13.665,23.999,-0.22747
13.67,23.997,-0.22692
13.675,23.981,-0.22636
13.68,23.953,-0.2258
13.685,23.91,-0.22524
13.69,23.855,-0.22468
13.695,23.786,-0.22411
13.7,23.705,-0.22355
13.705,23.609,-0.22298
13.71,23.501,-0.22241
13.715,23.38,-0.22185
13.72,23.246,-0.22128
13.725,23.099,-0.22071
13.73,22.939,-0.22014
13.735,22.766,-0.21958
13.74,22.581,-0.21902
13.745,22.383,-0.21845
13.75,22.173,-0.21789
13.755,21.951,-0.21733
13.76,21.716,-0.21678
13.765,21.469,-0.21622
13.77,21.21,-0.21568
13.775,20.94,-0.21513
13.78,20.658,-0.21459
13.785,20.364,-0.21405
13.79,20.059,-0.21351
13.795,19.743,-0.21298
13.8,19.416,-0.21246
13.805,19.079,-0.21194
13.81,18.73,-0.21143
13.815,18.372,-0.21092
13.82,18.003,-0.21042
13.825,17.624,-0.20992
13.83,17.235,-0.20943
13.835,16.837,-0.20895
13.84,16.429,-0.20848
13.845,16.012,-0.20801
13.85,15.587,-0.20755
13.855,15.152,-0.2071
13.86,14.71,-0.20666
13.865,14.259,-0.20622
13.87,13.8,-0.2058
13.875,13.334,-0.20538
13.88,12.86,-0.20497
13.885,12.379,-0.20458
13.89,11.891,-0.20419
13.895,11.397,-0.20381
13.9,10.896,-0.20344
13.905,10.389,-0.20308
13.91,9.8763,-0.20273
13.915,9.3583,-0.2024
13.92,8.835,-0.20207
13.925,8.3068,-0.20176
13.93,7.774,-0.20145
13.935,7.2369,-0.20116
13.94,6.6958,-0.20088
13.945,6.1509,-0.20061
13.95,5.6027,-0.20035
13.955,5.0513,-0.20011
13.96,4.4972,-0.19987
13.965,3.9405,-0.19965
13.97,3.3816,-0.19944
13.975,2.8209,-0.19925
13.98,2.2586,-0.19906
13.985,1.695,-0.19889
13.99,1.1306,-0.19873
13.995,0.56543,-0.19859
14,-2.3543e-14,-0.19845
14.005,24,-0.19834
14.01,24,-0.1982
14.015,24,-0.19802
14.02,24,-0.19779
14.025,24,-0.19753
14.03,24,-0.19724
14.035,24,-0.19691
14.04,24,-0.19656
14.045,24,-0.19619
14.05,24,-0.19579
14.055,24,-0.19538
14.06,24,-0.19494
14.065,24,-0.19449
14.07,24,-0.19403
14.075,24,-0.19356
14.08,24,-0.19307
14.085,24,-0.19258
14.09,24,-0.19208
14.095,24,-0.19156
14.1,24,-0.19104
14.105,24,-0.19052
14.11,24,-0.18999
14.115,24,-0.18945
14.12,24,-0.18891
14.125,24,-0.18837
14.13,24,-0.18782
14.135,24,-0.18726
14.14,24,-0.18671
14.145,24,-0.18615
14.15,24,-0.18559
14.155,24,-0.18503
14.16,24,-0.18447
14.165,24,-0.1839
14.17,24,-0.18333
14.175,24,-0.18276
14.18,24,-0.18219
14.185,24,-0.18162
14.19,24,-0.18105
14.195,24,-0.18048
14.2,24,-0.1799
14.205,24,-0.17933
14.21,24,-0.17875
14.215,24,-0.17818
14.22,24,-0.1776
14.225,24,-0.17703
14.23,24,-0.17645
14.235,24,-0.17587
14.24,24,-0.17529
14.245,24,-0.17472
14.25,24,-0.17414
14.255,24,-0.17356
14.26,24,-0.17298
14.265,24,-0.1724
14.27,24,-0.17182
14.275,24,-0.17124
14.28,24,-0.17066
14.285,24,-0.17008
14.29,24,-0.1695
14.295,24,-0.16893
14.3,24,-0.16835
14.305,24,-0.16777
14.31,24,-0.16719
14.315,24,-0.16661
14.32,24,-0.16603
14.325,24,-0.16545
14.33,24,-0.16487
14.335,24,-0.16428
14.34,24,-0.1637
14.345,24,-0.16312
14.35,24,-0.16254
14.355,24,-0.16196
14.36,24,-0.16138
14.365,24,-0.1608
14.37,24,-0.16022
14.375,24,-0.15964
14.38,24,-0.15906
14.385,24,-0.15848
14.39,24,-0.1579
14.395,24,-0.15732
14.4,24,-0.15674
14.405,24,-0.15616
14.41,24,-0.15558
14.415,24,-0.155
14.42,24,-0.15442
14.425,24,-0.15384
14.43,24,-0.15326
14.435,24,-0.15268
14.44,24,-0.1521
14.445,24,-0.15152
14.45,24,-0.15093
14.455,24,-0.15035
14.46,24,-0.14977
14.465,24,-0.14919
14.47,24,-0.14861
14.475,24,-0.14803
14.48,24,-0.14745
14.485,24,-0.14687
14.49,24,-0.14629
14.495,24,-0.14571
14.5,24,-0.14513
14.505,24,-0.14455
14.51,24,-0.14397
14.515,24,-0.14339
14.52,24,-0.14281
14.525,24,-0.14223
14.53,24,-0.14165
14.535,24,-0.14107
14.54,24,-0.14048
14.545,24,-0.1399
14.55,24,-0.13932
14.555,24,-0.13874
14.56,24,-0.13816
14.565,24,-0.13758
14.57,24,-0.137
14.575,24,-0.13642
14.58,24,-0.13584
14.585,24,-0.13526
14.59,24,-0.13468
14.595,24,-0.1341
14.6,24,-0.13352
14.605,24,-0.13294
14.61,24,-0.13236
14.615,24,-0.13178
14.62,24,-0.1312
14.625,24,-0.13061
14.63,24,-0.13003
14.635,24,-0.12945
14.64,24,-0.12887
14.645,24,-0.12829
14.65,24,-0.12771
14.655,24,-0.12713
14.66,24,-0.12655
14.665,24,-0.12597
14.67,24,-0.12539
14.675,24,-0.12481
14.68,24,-0.12423
14.685,24,-0.12365
14.69,24,-0.12307
14.695,24,-0.12249
14.7,24,-0.12191
14.705,24,-0.12133
14.71,24,-0.12075
14.715,24,-0.12016
14.72,24,-0.11958
14.725,24,-0.119
14.73,24,-0.11842
14.735,24,-0.11784
14.74,24,-0.11726
14.745,24,-0.11668
14.75,24,-0.1161
14.755,24,-0.11552
14.76,24,-0.11494
14.765,24,-0.11436
14.77,24,-0.11378
14.775,24,-0.1132
14.78,24,-0.11262
14.785,24,-0.11204
14.79,24,-0.11146
14.795,24,-0.11088
14.8,24,-0.11029
14.805,24,-0.10971
14.81,24,-0.10913
14.815,24,-0.10855
14.82,24,-0.10797
14.825,24,-0.10739
14.83,24,-0.10681
14.835,24,-0.10623
14.84,24,-0.10565
14.845,24,-0.10507
14.85,24,-0.10449
14.855,24,-0.10391
14.86,24,-0.10333
14.865,24,-0.10275
14.87,24,-0.10217
14.875,24,-0.10159
14.88,24,-0.10101
14.885,24,-0.10043
14.89,24,-0.099845
14.895,24,-0.099264
14.9,24,-0.098683
14.905,24,-0.098103
14.91,24,-0.097522
14.915,24,-0.096942
14.92,24,-0.096361
14.925,24,-0.095781
14.93,24,-0.0952
14.935,24,-0.094619
14.94,24,-0.094039
14.945,24,-0.093458
14.95,24,-0.092878
14.955,24,-0.092297
14.96,24,-0.091717
14.965,24,-0.091136
14.97,24,-0.090555
14.975,24,-0.089975
14.98,24,-0.089394
14.985,24,-0.088814
14.99,24,-0.088233
14.995,24,-0.087653
15,24,-0.087072
15.005,24,-0.086491
15.01,24,-0.085911
15.015,24,-0.08533
15.02,24,-0.08475
15.025,24,-0.084169
15.03,24,-0.083589
15.035,24,-0.083008
15.04,24,-0.082427
15.045,24,-0.081847
15.05,24,-0.081266
15.055,24,-0.080686
15.06,24,-0.080105
15.065,24,-0.079525
15.07,24,-0.078944
15.075,24,-0.078363
15.08,24,-0.077783
15.085,24,-0.077202
15.09,24,-0.076622
15.095,24,-0.076041
15.1,24,-0.075461
15.105,24,-0.07488
15.11,24,-0.074299
15.115,24,-0.073719
15.12,24,-0.073138
15.125,24,-0.072558
15.13,24,-0.071977
15.135,24,-0.071397
15.14,24,-0.070816
15.145,24,-0.070235
15.15,24,-0.069655
15.155,24,-0.069074
15.16,24,-0.068494
15.165,24,-0.067913
15.17,24,-0.067333
15.175,24,-0.066752
15.18,24,-0.066171
15.185,24,-0.065591
15.19,24,-0.06501
15.195,24,-0.06443
15.2,24,-0.063849
15.205,24,-0.063269
15.21,24,-0.062688
15.215,24,-0.062107
15.22,24,-0.061527
15.225,24,-0.060946
15.23,24,-0.060366
15.235,24,-0.059785
15.24,24,-0.059205
15.245,24,-0.058624
15.25,24,-0.058043
15.255,24,-0.057463
15.26,24,-0.056882
15.265,24,-0.056302
15.27,24,-0.055721
15.275,24,-0.055141
15.28,24,-0.05456
15.285,24,-0.053979
15.29,24,-0.053399
15.295,24,-0.052818
15.3,24,-0.052238
15.305,24,-0.051657
15.31,24,-0.051077
15.315,24,-0.050496
15.32,24,-0.049915
15.325,24,-0.049335
15.33,24,-0.048754
15.335,24,-0.048174
15.34,24,-0.047593
15.345,24,-0.047013
15.35,24,-0.046432
15.355,24,-0.045851
15.36,24,-0.045271
15.365,24,-0.04469
15.37,24,-0.04411
15.375,24,-0.043529
15.38,24,-0.042949
15.385,24,-0.042368
15.39,24,-0.041787
15.395,24,-0.041207
15.4,24,-0.040626
15.405,24,-0.040046
15.41,24,-0.039465
15.415,24,-0.038885
15.42,24,-0.038304
15.425,24,-0.037723
15.43,24,-0.037143
15.435,24,-0.036562
15.44,24,-0.035982
15.445,24,-0.035401
15.45,24,-0.034821
15.455,24,-0.03424
15.46,24,-0.033659
15.465,24,-0.033079
15.47,24,-0.032498
15.475,24,-0.031918
15.48,24,-0.031337
15.485,24,-0.030757
15.49,24,-0.030176
15.495,24,-0.029595
15.5,24,-0.029015
15.505,24,-0.028434
15.51,24,-0.027854
15.515,24,-0.027273
15.52,24,-0.026693
15.525,24,-0.026112
15.53,24,-0.025531
15.535,24,-0.024951
15.54,24,-0.02437
15.545,24,-0.02379
15.55,24,-0.023209
15.555,24,-0.022629
15.56,24,-0.022048
15.565,24,-0.021467
15.57,24,-0.020887
15.575,24,-0.020306
15.58,24,-0.019726
15.585,24,-0.019145
15.59,24,-0.018565
15.595,24,-0.017984
15.6,24,-0.017403
15.605,24,-0.016823
15.61,24,-0.016242
15.615,24,-0.015662
15.62,24,-0.015081
15.625,24,-0.014501
15.63,24,-0.01392
15.635,24,-0.013339
15.64,24,-0.012759
15.645,24,-0.012178
15.65,24,-0.011598
15.655,24,-0.011017
15.66,24,-0.010437
15.665,24,-0.009856
15.67,24,-0.0092754
15.675,24,-0.0086948
15.68,24,-0.0081143
15.685,24,-0.0075337
15.69,24,-0.0069531
15.695,24,-0.0063725
15.7,24,-0.005792
15.705,24,-0.0052114
15.71,24,-0.0046308
15.715,24,-0.0040503
15.72,24,-0.0034697
15.725,24,-0.0028891
15.73,24,-0.0023085
15.735,24,-0.001728
15.74,24,-0.0011474
15.745,24,-0.00056683
15.75,24,1.3746e-05
15.755,24,0.00059432
15.76,24,0.0011749
15.765,24,0.0017555
15.77,24,0.002336
15.775,24,0.0029166
15.78,24,0.0034972
15.785,24,0.0040777
15.79,24,0.0046583
15.795,24,0.0052389
15.8,24,0.0058195
15.805,24,0.0064
15.81,24,0.0069806
15.815,24,0.0075612
15.82,24,0.0081417
15.825,24,0.0087223
15.83,24,0.0093029
15.835,24,0.0098835
15.84,24,0.010464
15.845,24,0.011045
15.85,24,0.011625
15.855,24,0.012206
15.86,24,0.012786
15.865,24,0.013367
15.87,24,0.013947
15.875,24,0.014528
15.88,24,0.015109
15.885,24,0.015689
15.89,24,0.01627
15.895,24,0.01685
15.9,24,0.017431
15.905,24,0.018011
15.91,24,0.018592
15.915,24,0.019173
15.92,24,0.019753
15.925,24,0.020334
15.93,24,0.020914
15.935,24,0.021495
15.94,24,0.022075
15.945,24,0.022656
15.95,24,0.023237
15.955,24,0.023817
15.96,24,0.024398
15.965,24,0.024978
15.97,24,0.025559
15.975,24,0.026139
15.98,24,0.02672
15.985,24,0.027301
15.99,24,0.027881
15.995,24,0.028462
16,24,0.029042
16.005,24,0.029623
16.01,24,0.030203
16.015,24,0.030784
16.02,24,0.031365
16.025,24,0.031945
16.03,24,0.032526
16.035,24,0.033106
16.04,24,0.033687
16.045,24,0.034267
16.05,24,0.034848
16.055,24,0.035429
16.06,24,0.036009
16.065,24,0.03659
16.07,24,0.03717
16.075,24,0.037751
16.08,24,0.038331
16.085,24,0.038912
16.09,24,0.039493
16.095,24,0.040073
16.1,24,0.040654
16.105,24,0.041234
16.11,24,0.041815
16.115,24,0.042395
16.12,24,0.042976
16.125,24,0.043557
16.13,24,0.044137
16.135,24,0.044718
16.14,24,0.045298
16.145,24,0.045879
16.15,24,0.046459
16.155,24,0.04704
16.16,24,0.047621
16.165,24,0.048201
16.17,24,0.048782
16.175,24,0.049362
16.18,24,0.049943
16.185,24,0.050523
16.19,24,0.051104
16.195,24,0.051685
16.2,24,0.052265
16.205,24,0.052846
16.21,24,0.053426
16.215,24,0.054007
16.22,24,0.054587
16.225,24,0.055168
16.23,24,0.055749
16.235,24,0.056329
16.24,24,0.05691
16.245,24,0.05749
16.25,24,0.058071
16.255,24,0.058651
16.26,24,0.059232
16.265,24,0.059813
16.27,24,0.060393
16.275,24,0.060974
16.28,24,0.061554
16.285,24,0.062135
16.29,24,0.062715
16.295,24,0.063296
16.3,24,0.063877
16.305,24,0.064457
16.31,24,0.065038
16.315,24,0.065618
16.32,24,0.066199
16.325,24,0.066779
16.33,24,0.06736
16.335,24,0.067941
16.34,24,0.068521
16.345,24,0.069102
16.35,24,0.069682
16.355,24,0.070263
16.36,24,0.070843
16.365,24,0.071424
16.37,24,0.072005
16.375,24,0.072585
16.38,24,0.073166
16.385,24,0.073746
16.39,24,0.074327
16.395,24,0.074907
16.4,24,0.075488
16.405,24,0.076069
16.41,24,0.076649
16.415,24,0.07723
16.42,24,0.07781
16.425,24,0.078391
16.43,24,0.078971
16.435,24,0.079552
16.44,24,0.080133
16.445,24,0.080713
16.45,24,0.081294
16.455,24,0.081874
16.46,24,0.082455
16.465,24,0.083035
16.47,24,0.083616
16.475,24,0.084197
16.48,24,0.084777
16.485,24,0.085358
16.49,24,0.085938
16.495,24,0.086519
16.5,24,0.087099
16.505,24,0.08768
16.51,24,0.088261
16.515,24,0.088841
16.52,24,0.089422
16.525,24,0.090002
16.53,24,0.090583
16.535,24,0.091163
16.54,24,0.091744
16.545,24,0.092325
16.55,24,0.092905
16.555,24,0.093486
16.56,24,0.094066
16.565,24,0.094647
16.57,24,0.095227
16.575,24,0.095808
16.58,24,0.096389
16.585,24,0.096969
16.59,24,0.09755
16.595,24,0.09813
16.6,24,0.098711
16.605,24,0.099291
16.61,24,0.099872
16.615,24,0.10045
16.62,24,0.10103
16.625,24,0.10161
16.63,24,0.10219
16.635,24,0.10277
16.64,24,0.10336
16.645,24,0.10394
16.65,24,0.10452
16.655,24,0.1051
16.66,24,0.10568
16.665,24,0.10626
16.67,24,0.10684
16.675,24,0.10742
16.68,24,0.108
16.685,24,0.10858
16.69,24,0.10916
16.695,24,0.10974
16.7,24,0.11032
16.705,24,0.1109
16.71,24,0.11148
16.715,24,0.11206
16.72,24,0.11264
16.725,24,0.11323
16.73,24,0.11381
16.735,24,0.11439
16.74,24,0.11497
16.745,24,0.11555
16.75,24,0.11613
16.755,24,0.11671
16.76,24,0.11729
16.765,24,0.11787
16.77,24,0.11845
16.775,24,0.11903
16.78,24,0.11961
16.785,24,0.12019
16.79,24,0.12077
16.795,24,0.12135
16.8,24,0.12193
16.805,24,0.12251
16.81,24,0.12309
16.815,24,0.12368
16.82,24,0.12426
16.825,24,0.12484
16.83,24,0.12542
16.835,24,0.126
16.84,24,0.12658
16.845,24,0.12716
16.85,24,0.12774
16.855,24,0.12832
16.86,24,0.1289
16.865,24,0.12948
16.87,24,0.13006
16.875,24,0.13064
16.88,24,0.13122
16.885,24,0.1318
16.89,24,0.13238
16.895,24,0.13296
16.9,24,0.13355
16.905,24,0.13413
16.91,24,0.13471
16.915,24,0.13529
16.92,24,0.13587
16.925,24,0.13645
16.93,24,0.13703
16.935,24,0.13761
16.94,24,0.13819
16.945,24,0.13877
16.95,24,0.13935
16.955,24,0.13993
16.96,24,0.14051
16.965,24,0.14109
16.97,24,0.14167
16.975,24,0.14225
16.98,24,0.14283
16.985,24,0.14341
16.99,24,0.144
16.995,24,0.14458
17,24,0.14516
17.005,24,0.14574
17.01,24,0.14632
17.015,24,0.1469
17.02,24,0.14748
17.025,24,0.14806
17.03,24,0.14864
17.035,24,0.14922
17.04,24,0.1498
17.045,24,0.15038
17.05,24,0.15096
17.055,24,0.15154
17.06,24,0.15212
17.065,24,0.1527
17.07,24,0.15328
17.075,24,0.15387
17.08,24,0.15445
17.085,24,0.15503
17.09,24,0.15561
17.095,24,0.15619
17.1,24,0.15677
17.105,24,0.15735
17.11,24,0.15793
17.115,24,0.15851
17.12,24,0.15909
17.125,24,0.15967
17.13,24,0.16025
17.135,24,0.16083
17.14,24,0.16141
17.145,24,0.16199
17.15,24,0.16257
17.155,24,0.16315
17.16,24,0.16373
17.165,24,0.16432
17.17,24,0.1649
17.175,24,0.16548
17.18,24,0.16606
17.185,24,0.16664
17.19,24,0.16722
17.195,24,0.1678
17.2,24,0.16838
17.205,24,0.16896
17.21,24,0.16954
17.215,24,0.17012
17.22,24,0.1707
17.225,24,0.17128
17.23,24,0.17186
17.235,24,0.17244
17.24,24,0.17302
17.245,24,0.1736
17.25,24,0.17419
17.255,24,0.17477
17.26,24,0.17535
17.265,24,0.17593
17.27,24,0.17651
17.275,24,0.17709
17.28,24,0.17767
17.285,24,0.17825
17.29,24,0.17883
17.295,24,0.17941
17.3,24,0.17999
17.305,24,0.18057
17.31,24,0.18115
17.315,24,0.18173
17.32,24,0.18231
17.325,24,0.18289
17.33,24,0.18347
17.335,24,0.18405
17.34,24,0.18464
17.345,24,0.18522
17.35,24,0.1858
17.355,24,0.18638
17.36,24,0.18696
17.365,24,0.18754
17.37,24,0.18812
17.375,24,0.1887
17.38,24,0.18928
17.385,24,0.18986
17.39,24,0.19044
17.395,24,0.19102
17.4,24,0.1916
17.405,24,0.19218
17.41,24,0.19276
17.415,24,0.19334
17.42,24,0.19392
17.425,24,0.19451
17.43,24,0.19509
17.435,24,0.19567
17.44,24,0.19625
17.445,24,0.19683
17.45,24,0.19741
17.455,24,0.19799
17.46,24,0.19857
17.465,24,0.19915
17.47,24,0.19973
17.475,24,0.20031
17.48,24,0.20089
17.485,24,0.20147
17.49,24,0.20205
17.495,24,0.20263
17.5,24,0.20321
17.505,24,0.20379
17.51,24,0.20437
17.515,24,0.20496
17.52,24,0.20554
17.525,24,0.20612
17.53,24,0.2067
17.535,24,0.20728
17.54,24,0.20786
17.545,24,0.20844
17.55,24,0.20902
17.555,24,0.2096
17.56,24,0.21018
17.565,24,0.21076
17.57,24,0.21134
17.575,24,0.21192
17.58,24,0.2125
17.585,24,0.21308
17.59,24,0.21366
17.595,24,0.21424
17.6,24,0.21483
17.605,24,0.21541
17.61,24,0.21599
17.615,24,0.21657
17.62,24,0.21715
17.625,24,0.21773
17.63,24,0.21831
17.635,24,0.21889
17.64,24,0.21947
17.645,24,0.22005
17.65,24,0.22063
17.655,24,0.22121
17.66,24,0.22179
17.665,24,0.22237
17.67,24,0.22295
17.675,24,0.22353
17.68,24,0.22411
17.685,24,0.22469
17.69,24,0.22528
17.695,24,0.22586
17.7,24,0.22644
17.705,24,0.22702
17.71,24,0.2276
17.715,24,0.22818
17.72,24,0.22876
17.725,24,0.22934
17.73,24,0.22992
17.735,24,0.2305
17.74,24,0.23108
17.745,24,0.23166
17.75,24,0.23224
17.755,24,0.23282
17.76,24,0.2334
17.765,24,0.23398
17.77,24,0.23456
17.775,24,0.23515
17.78,24,0.23573
17.785,24,0.23631
17.79,24,0.23689
17.795,24,0.23747
17.8,24,0.23805
17.805,24,0.23863
17.81,24,0.23921
17.815,24,0.23979
17.82,24,0.24037
17.825,24,0.24095
17.83,24,0.24153
17.835,24,0.24211
17.84,24,0.24269
17.845,24,0.24327
17.85,24,0.24385
17.855,24,0.24443
17.86,24,0.24501
17.865,24,0.2456
17.87,24,0.24618
17.875,24,0.24676
17.88,24,0.24734
17.885,24,0.24792
17.89,24,0.2485
17.895,24,0.24908
17.9,24,0.24966
17.905,24,0.25024
17.91,24,0.25082
17.915,24,0.2514
17.92,24,0.25198
17.925,24,0.25256
17.93,24,0.25314
17.935,24,0.25372
17.94,24,0.2543
17.945,24,0.25488
17.95,24,0.25547
17.955,24,0.25605
17.96,24,0.25663
17.965,24,0.25721
17.97,24,0.25779
17.975,24,0.25837
17.98,24,0.25895
17.985,24,0.25953
17.99,24,0.26011
17.995,24,0.26069
18,24,0.26127
18.005,1.1306,0.26185
18.01,2.2586,0.2624
18.015,3.3816,0.2629
18.02,4.4972,0.26336
18.025,5.6027,0.26377
18.03,6.6958,0.26416
18.035,7.774,0.26452
18.04,8.835,0.26486
18.045,9.8763,0.26519
18.05,10.896,0.26551
18.055,11.891,0.26582
18.06,12.86,0.26613
18.065,13.8,0.26643
18.07,14.71,0.26674
18.075,15.587,0.26705
18.08,16.429,0.26737
18.085,17.235,0.26769
18.09,18.003,0.26802
18.095,18.73,0.26837
18.1,19.416,0.26872
18.105,20.059,0.26908
18.11,20.658,0.26946
18.115,21.21,0.26985
18.12,21.716,0.27025
18.125,22.173,0.27066
18.13,22.581,0.27109
18.135,22.939,0.27152
18.14,23.246,0.27197
18.145,23.501,0.27243
18.15,23.705,0.2729
18.155,23.855,0.27339
18.16,23.953,0.27388
18.165,23.997,0.27438
18.17,23.988,0.27489
18.175,23.926,0.2754
18.18,23.811,0.27592
18.185,23.643,0.27645
18.19,23.422,0.27699
18.195,23.149,0.27752
18.2,22.825,0.27806
18.205,22.451,0.2786
18.21,22.026,0.27915
18.215,21.553,0.27969
18.22,21.031,0.28023
18.225,20.463,0.28077
18.23,19.85,0.2813
18.235,19.192,0.28183
18.24,18.492,0.28235
18.245,17.751,0.28287
18.25,16.971,0.28338
18.255,16.152,0.28387
18.26,15.298,0.28436
18.265,14.41,0.28484
18.27,13.49,0.28531
18.275,12.54,0.28576
18.28,11.562,0.2862
18.285,10.559,0.28662
18.29,9.5315,0.28702
18.295,8.4834,0.28741
18.3,7.4164,0.28779
18.305,6.333,0.28814
18.31,5.2354,0.28847
18.315,4.1263,0.28879
18.32,3.008,0.28908
18.325,1.883,0.28935
18.33,0.75386,0.2896
18.335,-0.37698,0.28983
18.34,-1.507,0.29003
18.345,-2.6336,0.29021
18.35,-3.7544,0.29037
18.355,-4.8669,0.2905
18.36,-5.9686,0.29061
18.365,-7.057,0.29069
18.37,-8.1297,0.29075
18.375,-9.1844,0.29078
18.38,-10.219,0.29079
18.385,-11.23,0.29077
18.39,-12.217,0.29073
18.395,-13.177,0.29066
18.4,-14.107,0.29057
18.405,-15.006,0.29045
18.41,-15.871,0.29031
18.415,-16.702,0.29014
18.42,-17.495,0.28995
18.425,-18.25,0.28974
18.43,-18.964,0.2895
18.435,-19.636,0.28924
18.44,-20.264,0.28897
18.445,-20.847,0.28866
18.45,-21.384,0.28834
18.455,-21.874,0.288
18.46,-22.315,0.28764
18.465,-22.706,0.28726
18.47,-23.047,0.28687
18.475,-23.337,0.28646
18.48,-23.575,0.28603
18.485,-23.761,0.28559
18.49,-23.893,0.28513
18.495,-23.973,0.28467
18.5,-24,0.28419
18.505,-23.973,0.2837
18.51,-23.893,0.2832
18.515,-23.761,0.28269
18.52,-23.575,0.28217
18.525,-23.337,0.28165
18.53,-23.047,0.28113
18.535,-22.706,0.2806
18.54,-22.315,0.28007
18.545,-21.874,0.27953
18.55,-21.384,0.279
18.555,-20.847,0.27847
18.56,-20.264,0.27794
18.565,-19.636,0.27741
18.57,-18.964,0.27689
18.575,-18.25,0.27637
18.58,-17.495,0.27586
18.585,-16.702,0.27536
18.59,-15.871,0.27487
18.595,-15.006,0.27439
18.6,-14.107,0.27392
18.605,-13.177,0.27346
18.61,-12.217,0.27301
18.615,-11.23,0.27258
18.62,-10.219,0.27217
18.625,-9.1844,0.27177
18.63,-8.1297,0.27139
18.635,-7.057,0.27102
18.64,-5.9686,0.27068
18.645,-4.8669,0.27035
18.65,-3.7544,0.27004
18.655,-2.6336,0.26976
18.66,-1.507,0.2695
18.665,-0.37698,0.26925
18.67,0.75386,0.26904
18.675,1.883,0.26884
18.68,3.008,0.26867
18.685,4.1263,0.26852
18.69,5.2354,0.2684
18.695,6.333,0.2683
18.7,7.4164,0.26822
18.705,8.4834,0.26818
18.71,9.5315,0.26815
18.715,10.559,0.26815
18.72,11.562,0.26818
18.725,12.54,0.26823
18.73,13.49,0.26831
18.735,14.41,0.26841
18.74,15.298,0.26853
18.745,16.152,0.26868
18.75,16.971,0.26886
18.755,17.751,0.26905
18.76,18.492,0.26927
18.765,19.192,0.26952
18.77,19.85,0.26978
18.775,20.463,0.27007
18.78,21.031,0.27038
18.785,21.553,0.2707
18.79,22.026,0.27105
18.795,22.451,0.27142
18.8,22.825,0.2718
18.805,23.149,0.2722
18.81,23.422,0.27262
18.815,23.643,0.27305
18.82,23.811,0.2735
18.825,23.926,0.27396
18.83,23.988,0.27443
18.835,23.997,0.27491
18.84,23.953,0.27541
18.845,23.855,0.27591
18.85,23.705,0.27642
18.855,23.501,0.27694
18.86,23.246,0.27746
18.865,22.939,0.27798
18.87,22.581,0.27852
18.875,22.173,0.27905
18.88,21.716,0.27958
18.885,21.21,0.28011
18.89,20.658,0.28065
18.895,20.059,0.28117
18.9,19.416,0.2817
18.905,18.73,0.28222
18.91,18.003,0.28273
18.915,17.235,0.28324
18.92,16.429,0.28374
18.925,15.587,0.28423
18.93,14.71,0.28471
18.935,13.8,0.28517
18.94,12.86,0.28563
18.945,11.891,0.28607
18.95,10.896,0.28649
18.955,9.8763,0.28691
18.96,8.835,0.2873
18.965,7.774,0.28768
18.97,6.6958,0.28803
18.975,5.6027,0.28837
18.98,4.4972,0.28869
18.985,3.3816,0.28899
18.99,2.2586,0.28927
18.995,1.1306,0.28952
19,4.2333e-13,0.28976
19.005,-1.1306,0.28997
19.01,-2.2586,0.29016
19.015,-3.3816,0.29032
19.02,-4.4972,0.29046
19.025,-5.6027,0.29058
19.03,-6.6958,0.29067
19.035,-7.774,0.29073
19.04,-8.835,0.29077
19.045,-9.8763,0.29079
19.05,-10.896,0.29078
19.055,-11.891,0.29074
19.06,-12.86,0.29068
19.065,-13.8,0.2906
19.07,-14.71,0.29049
19.075,-15.587,0.29036
19.08,-16.429,0.2902
19.085,-17.235,0.29002
19.09,-18.003,0.28981
19.095,-18.73,0.28958
19.1,-19.416,0.28933
19.105,-20.059,0.28906
19.11,-20.658,0.28877
19.115,-21.21,0.28845
19.12,-21.716,0.28812
19.125,-22.173,0.28777
19.13,-22.581,0.28739
19.135,-22.939,0.287
19.14,-23.246,0.2866
19.145,-23.501,0.28618
19.15,-23.705,0.28574
19.155,-23.855,0.28529
19.16,-23.953,0.28482
19.165,-23.997,0.28435
19.17,-23.988,0.28386
19.175,-23.926,0.28336
19.18,-23.811,0.28286
19.185,-23.643,0.28235
19.19,-23.422,0.28183
19.195,-23.149,0.2813
19.2,-22.825,0.28078
19.205,-22.451,0.28024
19.21,-22.026,0.27971
19.215,-21.553,0.27918
19.22,-21.031,0.27865
19.225,-20.463,0.27811
19.23,-19.85,0.27759
19.235,-19.192,0.27706
19.24,-18.492,0.27654
19.245,-17.751,0.27603
19.25,-16.971,0.27553
19.255,-16.152,0.27503
19.26,-15.298,0.27455
19.265,-14.41,0.27407
19.27,-13.49,0.27361
19.275,-12.54,0.27316
19.28,-11.562,0.27272
19.285,-10.559,0.2723
19.29,-9.5315,0.2719
19.295,-8.4834,0.27151
19.3,-7.4164,0.27114
19.305,-6.333,0.27079
19.31,-5.2354,0.27046
19.315,-4.1263,0.27014
19.32,-3.008,0.26985
19.325,-1.883,0.26958
19.33,-0.75386,0.26933
19.335,0.37698,0.26911
19.34,1.507,0.2689
19.345,2.6336,0.26872
19.35,3.7544,0.26857
19.355,4.8669,0.26844
19.36,5.9686,0.26833
19.365,7.057,0.26825
19.37,8.1297,0.26819
19.375,9.1844,0.26816
19.38,10.219,0.26815
19.385,11.23,0.26817
19.39,12.217,0.26821
19.395,13.177,0.26828
19.4,14.107,0.26837
19.405,15.006,0.26849
19.41,15.871,0.26863
19.415,16.702,0.2688
19.42,17.495,0.26899
19.425,18.25,0.2692
19.43,18.964,0.26943
19.435,19.636,0.26969
19.44,20.264,0.26997
19.445,20.847,0.27027
19.45,21.384,0.27059
19.455,21.874,0.27093
19.46,22.315,0.27129
19.465,22.706,0.27167
19.47,23.047,0.27207
19.475,23.337,0.27248
19.48,23.575,0.27291
19.485,23.761,0.27335
19.49,23.893,0.2738
19.495,23.973,0.27427
19.5,24,0.27475
19.505,23.973,0.27524
19.51,23.893,0.27574
19.515,23.761,0.27625
19.52,23.575,0.27676
19.525,23.337,0.27728
19.53,23.047,0.27781
19.535,22.706,0.27834
19.54,22.315,0.27887
19.545,21.874,0.2794
19.55,21.384,0.27994
19.555,20.847,0.28047
19.56,20.264,0.281
19.565,19.636,0.28153
19.57,18.964,0.28205
19.575,18.25,0.28256
19.58,17.495,0.28307
19.585,16.702,0.28357
19.59,15.871,0.28407
19.595,15.006,0.28455
19.6,14.107,0.28502
19.605,13.177,0.28548
19.61,12.217,0.28592
19.615,11.23,0.28635
19.62,10.219,0.28677
19.625,9.1844,0.28717
19.63,8.1297,0.28755
19.635,7.057,0.28792
19.64,5.9686,0.28826
19.645,4.8669,0.28859
19.65,3.7544,0.28889
19.655,2.6336,0.28918
19.66,1.507,0.28944
19.665,0.37698,0.28968
19.67,-0.75386,0.2899
19.675,-1.883,0.2901
19.68,-3.008,0.29027
19.685,-4.1263,0.29042
19.69,-5.2354,0.29054
19.695,-6.333,0.29064
19.7,-7.4164,0.29071
19.705,-8.4834,0.29076
19.71,-9.5315,0.29079
19.715,-10.559,0.29078
19.72,-11.562,0.29076
19.725,-12.54,0.29071
19.73,-13.49,0.29063
19.735,-14.41,0.29053
19.74,-15.298,0.2904
19.745,-16.152,0.29025
19.75,-16.971,0.29008
19.755,-17.751,0.28988
19.76,-18.492,0.28966
19.765,-19.192,0.28942
19.77,-19.85,0.28915
19.775,-20.463,0.28887
19.78,-21.031,0.28856
19.785,-21.553,0.28823
19.79,-22.026,0.28789
19.795,-22.451,0.28752
19.8,-22.825,0.28714
19.805,-23.149,0.28673
19.81,-23.422,0.28632
19.815,-23.643,0.28589
19.82,-23.811,0.28544
19.825,-23.926,0.28498
19.83,-23.988,0.28451
19.835,-23.997,0.28402
19.84,-23.953,0.28353
19.845,-23.855,0.28303
19.85,-23.705,0.28252
19.855,-23.501,0.282
19.86,-23.246,0.28148
19.865,-22.939,0.28095
19.87,-22.581,0.28042
19.875,-22.173,0.27989
19.88,-21.716,0.27936
19.885,-21.21,0.27882
19.89,-20.658,0.27829
19.895,-20.059,0.27776
19.9,-19.416,0.27724
19.905,-18.73,0.27672
19.91,-18.003,0.2762
19.915,-17.235,0.2757
19.92,-16.429,0.2752
19.925,-15.587,0.27471
19.93,-14.71,0.27423
19.935,-13.8,0.27376
19.94,-12.86,0.27331
19.945,-11.891,0.27287
19.95,-10.896,0.27244
19.955,-9.8763,0.27203
19.96,-8.835,0.27164
19.965,-7.774,0.27126
19.97,-6.6958,0.2709
19.975,-5.6027,0.27056
19.98,-4.4972,0.27024
19.985,-3.3816,0.26995
19.99,-2.2586,0.26967
19.995,-1.1306,0.26941
20,-5.1741e-13,0.26918
